1403636582 -0.00763 0.00373 -0.11386 0.81553 0.04046 0.57622 -0.03533 
1403636582 -0.01616 -0.00119 -0.16886 0.82413 0.03646 0.56427 -0.03301 
1403636582 -0.01804 0.00268 -0.21724 0.83360 0.03691 0.55031 -0.03008 
1403636582 -0.02265 0.00521 -0.24109 0.84051 0.03877 0.53947 -0.03190 
1403636582 -0.01574 0.01274 -0.18963 0.83783 0.03934 0.54343 -0.03440 
1403636583 -0.01164 0.01527 -0.13005 0.82975 0.03892 0.55583 -0.03248 
1403636583 -0.00678 0.01759 -0.06607 0.82520 0.03794 0.56289 -0.02747 
1403636583 -0.00341 0.01569 0.00036 0.82262 0.03512 0.56697 -0.02470 
1403636583 0.00261 0.01464 0.06756 0.81818 0.02813 0.57380 -0.02321 
1403636583 0.00575 0.01069 0.13067 0.80980 0.01929 0.58603 -0.02065 
1403636583 0.00574 0.00715 0.17848 0.79993 0.01660 0.59955 -0.01939 
1403636583 0.01552 0.00739 0.19914 0.79536 0.01785 0.60561 -0.01777 
1403636583 0.00885 0.00675 0.14310 0.79808 0.02246 0.60193 -0.01571 
1403636583 -0.00063 -0.00212 0.09076 0.80050 0.02488 0.59851 -0.01918 
1403636584 -0.00154 -0.00812 0.02139 0.80373 0.02990 0.59385 -0.02142 
1403636584 -0.00417 -0.00701 -0.04502 0.80897 0.03243 0.58666 -0.01838 
1403636584 -0.00448 -0.01021 -0.11557 0.81937 0.03206 0.57180 -0.02557 
1403636584 -0.00996 -0.01217 -0.17309 0.83172 0.02897 0.55359 -0.03054 
1403636584 -0.01477 -0.01355 -0.21899 0.83872 0.03121 0.54295 -0.02786 
1403636584 -0.01970 -0.01214 -0.24639 0.84060 0.03846 0.53951 -0.02890 
1403636584 -0.02231 -0.01001 -0.24850 0.83995 0.04379 0.53977 -0.03485 
1403636584 -0.02088 -0.00861 -0.22072 0.83935 0.04689 0.54029 -0.03716 
1403636584 -0.01755 -0.00685 -0.17170 0.83705 0.04770 0.54369 -0.03833 
1403636584 -0.01276 -0.00746 -0.10988 0.83455 0.04953 0.54772 -0.03273 
1403636585 -0.00426 -0.00759 -0.03766 0.82950 0.04974 0.55559 -0.02791 
1403636585 0.00097 -0.00981 0.03895 0.82080 0.04596 0.56871 -0.02719 
1403636585 0.00726 -0.00751 0.10630 0.80897 0.04050 0.58594 -0.02448 
1403636585 0.00842 -0.00703 0.16576 0.79852 0.03644 0.60044 -0.02240 
1403636585 0.00674 -0.00592 0.20761 0.79198 0.03321 0.60907 -0.02641 
1403636585 0.00961 -0.00601 0.17228 0.79743 0.02408 0.60244 -0.02436 
1403636585 0.01336 -0.00939 0.12210 0.80094 0.02670 0.59790 -0.01731 
1403636585 0.01571 -0.01349 0.06774 0.80436 0.03197 0.59314 -0.01271 
1403636586 0.01477 -0.01546 0.01448 0.80991 0.03909 0.58504 -0.01602 
1403636586 0.00707 -0.01735 -0.03164 0.81625 0.04798 0.57511 -0.02604 
1403636586 -0.00296 -0.01865 -0.06422 0.82381 0.05253 0.56310 -0.03873 
1403636586 -0.01492 -0.01976 -0.07935 0.83233 0.05253 0.54961 -0.04896 
1403636586 -0.02478 -0.02000 -0.08407 0.84194 0.05150 0.53414 -0.05645 
1403636586 -0.03161 -0.02044 -0.08363 0.85369 0.04693 0.51573 -0.05511 
1403636586 -0.03677 -0.01991 -0.08066 0.86575 0.03926 0.49687 -0.04526 
1403636586 -0.04338 -0.01622 -0.07584 0.87505 0.03263 0.48113 -0.04155 
1403636586 -0.05188 -0.01396 -0.07228 0.88483 0.03018 0.46297 -0.04261 
1403636586 -0.06222 -0.01467 -0.07035 0.89519 0.02706 0.44268 -0.04406 
1403636587 -0.07258 -0.01829 -0.06878 0.90420 0.02871 0.42399 -0.04282 
1403636587 -0.07846 -0.02473 -0.06516 0.90962 0.03133 0.41194 -0.04367 
1403636587 -0.07420 -0.04229 -0.05842 0.90718 0.03067 0.41685 -0.04812 
1403636587 -0.06378 -0.04836 -0.05924 0.90361 0.03855 0.42383 -0.04868 
1403636587 -0.04319 -0.06778 -0.06052 0.90789 0.04114 0.41473 -0.04527 
1403636587 -0.03344 -0.08685 -0.06143 0.90887 0.03727 0.41314 -0.04332 
1403636588 -0.02404 -0.11247 -0.06228 0.90997 0.03233 0.41114 -0.04315 
1403636588 -0.01503 -0.14447 -0.06217 0.91023 0.02731 0.41104 -0.04225 
1403636588 -0.00501 -0.18009 -0.06045 0.90820 0.02052 0.41608 -0.04038 
1403636588 0.00532 -0.21641 -0.05866 0.90581 0.01216 0.42187 -0.03734 
1403636588 0.01445 -0.25144 -0.06017 0.90611 0.00525 0.42170 -0.03335 
1403636588 0.02055 -0.28414 -0.06440 0.91007 -0.00106 0.41367 -0.02539 
1403636588 0.02640 -0.31009 -0.06986 0.91342 -0.00661 0.40632 -0.02275 
1403636588 0.03034 -0.32969 -0.07489 0.91437 -0.00625 0.40422 -0.02224 
1403636589 0.01899 -0.30509 -0.07372 0.91182 -0.00552 0.40961 -0.02761 
1403636589 0.01021 -0.27817 -0.07310 0.91302 -0.00127 0.40681 -0.03004 
1403636589 0.00112 -0.24443 -0.07224 0.91326 0.00191 0.40595 -0.03402 
1403636589 -0.00939 -0.20564 -0.06912 0.91208 0.00678 0.40826 -0.03736 
1403636589 -0.02083 -0.16361 -0.06400 0.90967 0.01284 0.41316 -0.04042 
1403636589 -0.03143 -0.11889 -0.05825 0.90793 0.01681 0.41659 -0.04272 
1403636589 -0.04253 -0.07152 -0.05382 0.90846 0.02190 0.41504 -0.04427 
1403636589 -0.05282 -0.02436 -0.05404 0.90995 0.02775 0.41124 -0.04591 
1403636590 -0.06354 0.02195 -0.05390 0.90958 0.03136 0.41174 -0.04642 
1403636590 -0.07374 0.06872 -0.05561 0.90830 0.03433 0.41412 -0.04812 
1403636590 -0.08429 0.11441 -0.05702 0.90731 0.03758 0.41585 -0.04951 
1403636590 -0.09425 0.15757 -0.06022 0.90794 0.04272 0.41333 -0.05447 
1403636590 -0.10242 0.19455 -0.06533 0.91015 0.04919 0.40701 -0.05961 
1403636590 -0.10921 0.22540 -0.06987 0.91016 0.05410 0.40515 -0.06735 
1403636590 -0.11392 0.24737 -0.07015 0.90710 0.05824 0.41052 -0.07251 
1403636590 -0.11684 0.25805 -0.06850 0.90440 0.06066 0.41545 -0.07608 
1403636590 -0.11905 0.24092 -0.06437 0.90551 0.06021 0.41424 -0.06950 
1403636591 -0.11790 0.21488 -0.06103 0.90521 0.05732 0.41624 -0.06377 
1403636591 -0.10882 0.14176 -0.05583 0.90418 0.05072 0.42062 -0.05452 
1403636591 -0.10217 0.09978 -0.05520 0.90628 0.04591 0.41676 -0.05347 
1403636591 -0.09209 0.05385 -0.06016 0.90894 0.04169 0.41144 -0.05292 
1403636591 -0.07001 -0.03700 -0.06435 0.90890 0.03967 0.41147 -0.05491 
1403636591 -0.05790 -0.07811 -0.06674 0.90921 0.03726 0.41076 -0.05681 
1403636591 -0.04679 -0.11411 -0.07099 0.91052 0.03454 0.40824 -0.05564 
1403636591 -0.03836 -0.14135 -0.07814 0.91159 0.03022 0.40654 -0.05311 
1403636592 -0.02959 -0.16236 -0.08533 0.91140 0.02647 0.40756 -0.05045 
1403636592 -0.02008 -0.17857 -0.09299 0.90776 0.01653 0.41724 -0.04015 
1403636592 -0.01151 -0.18831 -0.09838 0.89952 0.00892 0.43570 -0.03089 
1403636592 -0.00463 -0.19491 -0.09913 0.89016 0.00272 0.45512 -0.02162 
1403636592 0.00235 -0.20046 -0.09774 0.88363 -0.00488 0.46790 -0.01539 
1403636592 0.01121 -0.20769 -0.09767 0.88515 -0.01479 0.46488 -0.01306 
1403636592 0.02763 -0.21858 -0.09896 0.88841 -0.02706 0.45816 -0.00924 
1403636592 0.04919 -0.23035 -0.10110 0.89234 -0.03664 0.44984 -0.00578 
1403636592 0.07413 -0.23874 -0.10228 0.89622 -0.03915 0.44185 -0.00520 
1403636592 0.10366 -0.23907 -0.10312 0.89906 -0.03785 0.43603 -0.01164 
1403636593 0.13593 -0.22991 -0.10209 0.89836 -0.02879 0.43787 -0.01976 
1403636593 0.16765 -0.21085 -0.10087 0.89424 -0.01323 0.44646 -0.02891 
1403636593 0.19354 -0.18234 -0.09881 0.89118 0.00493 0.45209 -0.03729 
1403636593 0.21851 -0.14541 -0.10288 0.89030 0.02467 0.45188 -0.05056 
1403636593 0.22706 -0.09809 -0.10611 0.89080 0.04640 0.44667 -0.06929 
1403636593 0.22016 -0.04246 -0.10777 0.89121 0.06873 0.43973 -0.08753 
1403636593 0.20106 0.01521 -0.10986 0.89024 0.09181 0.43402 -0.10326 
1403636593 0.16232 0.07144 -0.10634 0.88807 0.10775 0.43012 -0.12134 
1403636593 0.11811 0.12111 -0.10535 0.88664 0.11785 0.42545 -0.13776 
1403636593 0.06746 0.15290 -0.10486 0.88725 0.12405 0.42069 -0.14290 
1403636594 0.01549 0.16459 -0.10730 0.88886 0.12354 0.41833 -0.14022 
1403636594 -0.03316 0.15883 -0.11227 0.89289 0.11350 0.41382 -0.13646 
1403636594 -0.07683 0.13755 -0.11888 0.89922 0.09544 0.40694 -0.12917 
1403636594 -0.11343 0.10150 -0.12460 0.90482 0.06748 0.40497 -0.11292 
1403636594 -0.14213 0.05395 -0.12689 0.90543 0.03274 0.41309 -0.09210 
1403636594 -0.16064 -0.00046 -0.12616 0.90272 -0.00166 0.42492 -0.06738 
1403636594 -0.16659 -0.05712 -0.12418 0.90044 -0.03438 0.43154 -0.04238 
1403636594 -0.15658 -0.11353 -0.12423 0.90001 -0.06028 0.43107 -0.02288 
1403636594 -0.13004 -0.16750 -0.12561 0.89987 -0.07509 0.42959 -0.00631 
1403636594 -0.08874 -0.21762 -0.12681 0.89812 -0.08130 0.43211 0.00745 
1403636595 -0.03781 -0.26079 -0.12783 0.89387 -0.07959 0.44091 0.01621 
1403636595 0.01588 -0.28763 -0.12849 0.88901 -0.07961 0.45065 0.01510 
1403636595 0.06499 -0.29143 -0.12933 0.88646 -0.07716 0.45619 0.01082 
1403636595 0.10577 -0.26942 -0.13230 0.88567 -0.06326 0.45999 0.00098 
1403636595 0.13648 -0.22149 -0.13577 0.88462 -0.03922 0.46449 -0.01214 
1403636595 0.15205 -0.15211 -0.13865 0.88343 -0.00604 0.46739 -0.03252 
1403636595 0.15235 -0.07099 -0.14302 0.88347 0.02941 0.46415 -0.05643 
1403636595 0.13827 0.00231 -0.14476 0.88371 0.05922 0.45726 -0.08044 
1403636595 0.11403 0.06572 -0.14723 0.88311 0.08437 0.45018 -0.10168 
1403636595 0.08285 0.10449 -0.14842 0.88218 0.10069 0.44557 -0.11440 
1403636596 0.05015 0.11570 -0.14883 0.88259 0.10721 0.44164 -0.12039 
1403636596 0.01847 0.09930 -0.14981 0.88434 0.11021 0.43724 -0.12088 
1403636596 -0.00929 0.06064 -0.15278 0.88715 0.10409 0.43522 -0.11280 
1403636596 -0.03230 0.00607 -0.15758 0.88998 0.08929 0.43730 -0.09346 
1403636596 -0.05320 -0.05408 -0.16351 0.89280 0.06643 0.43976 -0.07149 
1403636596 -0.07735 -0.10967 -0.16754 0.89650 0.04206 0.43810 -0.05089 
1403636596 -0.10712 -0.14907 -0.16968 0.89980 0.01770 0.43464 -0.03378 
1403636596 -0.13975 -0.16257 -0.16801 0.90073 0.00216 0.43356 -0.02661 
1403636596 -0.17685 -0.14878 -0.16021 0.89936 -0.00601 0.43630 -0.02747 
1403636596 -0.21987 -0.11962 -0.14718 0.89720 -0.00750 0.44078 -0.02618 
1403636597 -0.26223 -0.08620 -0.13440 0.89462 -0.00237 0.44611 -0.02528 
1403636597 -0.29620 -0.05576 -0.12475 0.89358 0.00276 0.44826 -0.02392 
1403636597 -0.31652 -0.03335 -0.11992 0.89472 0.00479 0.44596 -0.02408 
1403636597 -0.29386 -0.02227 -0.12177 0.89069 0.01308 0.45402 -0.01929 
1403636597 -0.24966 -0.02846 -0.12488 0.89176 0.01480 0.45202 -0.01483 
1403636597 -0.19065 -0.03677 -0.12978 0.89711 0.01510 0.44140 -0.01133 
1403636597 -0.12417 -0.04618 -0.13091 0.90059 0.02430 0.43367 -0.01648 
1403636597 -0.05454 -0.05305 -0.12687 0.89980 0.03821 0.43397 -0.02386 
1403636597 0.01472 -0.05339 -0.12241 0.89690 0.05383 0.43773 -0.03273 
1403636598 0.07415 -0.04761 -0.11972 0.89360 0.07215 0.44100 -0.04227 
1403636598 0.11412 -0.03312 -0.11973 0.88860 0.08865 0.44613 -0.05914 
1403636598 0.12880 -0.01034 -0.12131 0.88228 0.10350 0.45262 -0.07751 
1403636598 0.12302 0.01445 -0.12347 0.87653 0.11569 0.45865 -0.08914 
1403636598 0.09136 0.02945 -0.12482 0.87262 0.12723 0.46236 -0.09256 
1403636598 0.05094 0.03841 -0.12691 0.87264 0.13581 0.46000 -0.09195 
1403636598 0.00808 0.04010 -0.13506 0.87696 0.13723 0.45132 -0.09174 
1403636598 -0.03616 0.03399 -0.14156 0.88535 0.13613 0.43598 -0.08685 
1403636598 -0.06744 0.02328 -0.15439 0.89305 0.13551 0.42172 -0.07905 
1403636598 -0.07957 0.01060 -0.16825 0.89651 0.13399 0.41633 -0.07066 
1403636599 -0.07140 -0.00073 -0.18269 0.89537 0.13390 0.41931 -0.06750 
1403636599 -0.04578 -0.00918 -0.19493 0.88931 0.13738 0.42981 -0.07427 
1403636599 -0.01072 -0.01440 -0.20893 0.88019 0.14258 0.44467 -0.08488 
1403636599 0.02303 -0.01800 -0.22633 0.86818 0.14752 0.46346 -0.09851 
1403636599 0.05311 -0.02178 -0.24785 0.85676 0.14669 0.48278 -0.10662 
1403636599 0.07891 -0.02453 -0.27139 0.84803 0.14703 0.49751 -0.10826 
1403636599 0.09645 -0.02613 -0.28820 0.83800 0.14640 0.51242 -0.11725 
1403636599 0.10992 -0.02601 -0.29854 0.82221 0.14528 0.53562 -0.12637 
1403636599 0.12103 -0.02728 -0.30676 0.80632 0.13972 0.55945 -0.13173 
1403636599 0.12922 -0.02649 -0.31498 0.79799 0.13621 0.57258 -0.12968 
1403636600 0.13824 -0.02707 -0.32260 0.79846 0.13172 0.57447 -0.12288 
1403636600 0.14113 -0.02896 -0.33280 0.80306 0.12626 0.57012 -0.11881 
1403636600 0.13612 -0.03702 -0.34096 0.80377 0.12423 0.56986 -0.11740 
1403636600 0.14098 -0.03345 -0.33731 0.79352 0.12380 0.58363 -0.11991 
1403636600 0.14055 -0.03737 -0.34298 0.78803 0.11554 0.59094 -0.12823 
1403636624 0.13353 -0.04489 -0.34101 0.79834 0.10771 0.58133 -0.11444 
1403636625 0.13141 -0.04795 -0.34185 0.80417 0.10602 0.57409 -0.11178 
1403636625 0.12593 -0.05520 -0.33976 0.80635 0.10865 0.57056 -0.11163 
1403636625 0.12557 -0.06574 -0.34470 0.80490 0.11202 0.57309 -0.10557 
1403636625 0.11839 -0.07893 -0.34317 0.80490 0.11847 0.57327 -0.09725 
1403636625 0.11186 -0.09635 -0.34137 0.80999 0.12872 0.56590 -0.08422 
1403636625 0.10053 -0.11277 -0.32869 0.81610 0.13760 0.55653 -0.07302 
1403636625 0.09178 -0.12448 -0.31052 0.82223 0.14109 0.54705 -0.06909 
1403636625 0.09172 -0.12295 -0.27901 0.82349 0.13644 0.54536 -0.07640 
1403636625 0.08112 -0.13389 -0.25849 0.81970 0.13263 0.55105 -0.08275 
1403636626 0.09307 -0.12522 -0.25829 0.81899 0.13668 0.55044 -0.08712 
1403636626 0.11347 -0.11599 -0.23113 0.81300 0.13653 0.55891 -0.08948 
1403636626 0.12291 -0.10650 -0.18895 0.80746 0.13540 0.56641 -0.09414 
1403636626 0.13253 -0.10025 -0.14267 0.80438 0.13487 0.57038 -0.09722 
1403636626 0.14421 -0.08605 -0.09483 0.80389 0.12957 0.57086 -0.10530 
1403636626 0.15952 -0.07855 -0.05478 0.80399 0.12268 0.57111 -0.11132 
1403636626 0.16713 -0.07310 -0.02145 0.80399 0.12038 0.57104 -0.11412 
1403636627 0.18424 -0.07776 -0.00090 0.80034 0.12573 0.57608 -0.10851 
1403636627 0.19253 -0.11230 -0.01573 0.80071 0.13911 0.57372 -0.10177 
1403636627 0.18472 -0.12571 -0.02674 0.80577 0.14098 0.56645 -0.09999 
1403636627 0.18090 -0.13640 -0.03825 0.81069 0.14229 0.55926 -0.09881 
1403636627 0.16928 -0.15630 -0.02424 0.80409 0.14208 0.56818 -0.10210 
1403636628 0.16487 -0.17743 0.01816 0.80370 0.13769 0.56919 -0.10547 
1403636628 0.15392 -0.18978 0.04038 0.80618 0.13075 0.56805 -0.10153 
1403636628 0.14801 -0.21847 0.02397 0.81943 0.11696 0.55446 -0.08620 
1403636628 0.14450 -0.23822 0.01253 0.82642 0.10859 0.54720 -0.07629 
1403636628 0.16056 -0.25849 0.01114 0.82494 0.09704 0.55293 -0.06569 
1403636628 0.17404 -0.26982 0.03238 0.81564 0.09082 0.56731 -0.06812 
1403636628 0.18546 -0.28115 0.05643 0.81030 0.08363 0.57522 -0.07451 
1403636629 0.21629 -0.30190 0.09230 0.80963 0.07827 0.57616 -0.08006 
1403636629 0.24682 -0.36425 0.11685 0.81407 0.07894 0.57089 -0.07171 
1403636629 0.25125 -0.39130 0.12086 0.81940 0.07691 0.56446 -0.06364 
1403636629 0.26478 -0.41935 0.12393 0.82351 0.07413 0.55941 -0.05828 
1403636629 0.27261 -0.45053 0.13745 0.82511 0.07101 0.55786 -0.05418 
1403636629 0.29554 -0.51221 0.16608 0.82392 0.05471 0.56214 -0.04639 
1403636629 0.32153 -0.54120 0.16645 0.82152 0.04557 0.56633 -0.04789 
1403636630 0.37069 -0.59719 0.15319 0.82174 0.01937 0.56803 -0.04143 
1403636630 0.38042 -0.64312 0.13406 0.82788 0.00605 0.56018 -0.02809 
1403636630 0.44159 -0.72247 0.08575 0.83435 -0.02679 0.55059 0.00074 
1403636630 0.47820 -0.75790 0.05740 0.83433 -0.03917 0.54977 0.01046 
1403636630 0.51832 -0.78933 0.05491 0.83048 -0.04741 0.55478 0.01679 
1403636630 0.60875 -0.86159 0.05728 0.81688 -0.05558 0.57365 0.02325 
1403636631 0.69058 -0.93339 0.08694 0.82055 -0.05424 0.56837 0.02682 
1403636631 0.83569 -1.03592 0.12557 0.82381 -0.04393 0.56451 0.02707 
1403636631 0.97737 -1.12667 0.12410 0.82180 -0.04452 0.56771 0.01896 
1403636631 1.11999 -1.21397 0.08828 0.81845 -0.04458 0.57246 0.02106 
1403636632 1.28282 -1.33682 0.04929 0.81930 -0.03794 0.57152 0.02597 
1403636632 1.42610 -1.40347 0.04172 0.81818 -0.03661 0.57289 0.03223 
1403636632 1.55104 -1.45294 0.03349 0.81690 -0.03994 0.57416 0.03770 
1403636633 1.63970 -1.46902 -0.00520 0.82678 -0.04514 0.56038 0.01895 
1403636633 1.67668 -1.47767 -0.02152 0.83055 -0.03827 0.55559 0.00568 
1403636633 1.72296 -1.48570 -0.03784 0.83114 -0.02152 0.55562 -0.00627 
1403636633 1.82530 -1.50699 -0.04420 0.82345 0.02603 0.56650 -0.01800 
1403636633 1.87928 -1.51803 -0.04098 0.82187 0.04138 0.56769 -0.02360 
1403636633 1.98139 -1.54400 -0.05080 0.82246 0.05487 0.56512 -0.03454 
1403636634 2.09149 -1.55560 -0.08174 0.82680 0.05223 0.55842 -0.04297 
1403636634 2.21184 -1.57353 -0.11295 0.82999 0.04729 0.55426 -0.04097 
1403636634 2.34707 -1.59159 -0.11898 0.82881 0.03853 0.55654 -0.04314 
1403636634 2.49037 -1.61537 -0.12099 0.82715 0.02906 0.55909 -0.04900 
1403636634 2.64351 -1.65068 -0.10671 0.82642 0.03837 0.56026 -0.04073 
1403636634 2.72491 -1.67005 -0.09412 0.82109 0.04307 0.56794 -0.03740 
1403636635 2.81234 -1.68295 -0.08689 0.81732 0.04658 0.57317 -0.03593 
1403636635 2.95947 -1.72622 -0.09647 0.81390 0.05850 0.57678 -0.03834 
1403636635 3.10230 -1.75697 -0.10016 0.81735 0.07095 0.56984 -0.04674 
1403636635 3.24295 -1.78240 -0.08558 0.81981 0.08194 0.56450 -0.05032 
1403636635 3.38231 -1.80440 -0.09001 0.82238 0.08378 0.55980 -0.05735 
1403636636 3.52655 -1.82737 -0.09657 0.82442 0.07893 0.55646 -0.06666 
1403636636 3.67556 -1.85346 -0.07901 0.82300 0.07580 0.55876 -0.06861 
1403636636 3.75514 -1.86763 -0.05907 0.81911 0.07056 0.56456 -0.07317 
1403636636 3.83626 -1.88288 -0.03234 0.81872 0.06520 0.56502 -0.07877 
1403636636 3.91817 -1.90200 -0.00345 0.82378 0.06580 0.55787 -0.07644 
1403636636 4.00137 -1.92442 0.02233 0.82731 0.07138 0.55306 -0.06772 
1403636636 4.08727 -1.94868 0.05043 0.82330 0.07642 0.55915 -0.06073 
1403636636 4.17410 -1.97308 0.08588 0.81648 0.07913 0.56911 -0.05671 
1403636636 4.25990 -1.99579 0.12402 0.80753 0.08006 0.58172 -0.05551 
1403636637 4.34128 -2.01772 0.15534 0.80175 0.08190 0.58964 -0.05299 
1403636637 4.41594 -2.03902 0.17784 0.80025 0.08620 0.59166 -0.04585 
1403636637 4.54832 -2.07399 0.19616 0.80009 0.09711 0.59118 -0.03050 
1403636637 4.65767 -2.09006 0.18453 0.80614 0.09250 0.58302 -0.04085 
1403636637 4.75055 -2.09171 0.15480 0.81395 0.08547 0.57205 -0.05421 
1403636638 4.89020 -2.08191 0.13824 0.81971 0.08842 0.56303 -0.05705 
1403636638 5.03474 -2.06315 0.18600 0.81837 0.09060 0.56421 -0.06110 
1403636638 5.13736 -2.04700 0.23807 0.81339 0.09193 0.57085 -0.06384 
1403636638 5.23581 -2.02842 0.23718 0.80974 0.09285 0.57555 -0.06662 
1403636638 5.32218 -2.01297 0.20636 0.81993 0.08812 0.56051 -0.07602 
1403636639 5.36569 -2.00777 0.18385 0.83063 0.08417 0.54419 -0.08255 
1403636639 5.46494 -2.00688 0.16211 0.83144 0.09076 0.54308 -0.07437 
1403636639 5.52541 -2.00917 0.16738 0.82574 0.09357 0.55159 -0.07180 
1403636639 5.58926 -2.01339 0.17896 0.82151 0.09208 0.55780 -0.07415 
1403636639 5.65613 -2.01928 0.19428 0.82017 0.08741 0.55958 -0.08094 
1403636639 5.72694 -2.02483 0.20620 0.81986 0.08104 0.55954 -0.09041 
1403636639 5.87313 -2.04523 0.18949 0.82115 0.07860 0.55747 -0.09366 
1403636639 5.94908 -2.06274 0.16779 0.82103 0.08621 0.55817 -0.08317 
1403636640 6.02680 -2.08228 0.14169 0.81969 0.09408 0.56040 -0.07214 
1403636640 6.10503 -2.10206 0.11281 0.81673 0.10209 0.56457 -0.06160 
1403636640 6.18249 -2.11937 0.08593 0.81235 0.10248 0.57074 -0.06197 
1403636640 6.32833 -2.15037 0.05172 0.80836 0.09664 0.57624 -0.07179 
1403636640 6.46431 -2.17993 0.04805 0.80640 0.10405 0.57740 -0.07416 
1403636640 6.53029 -2.19352 0.05875 0.80512 0.11194 0.57701 -0.07947 
1403636640 6.65033 -2.21979 0.08086 0.80468 0.12383 0.57430 -0.08567 
1403636641 6.80888 -2.25939 0.06839 0.80414 0.13162 0.57258 -0.09047 
1403636641 6.99154 -2.29927 0.05523 0.80563 0.13352 0.57011 -0.09004 
1403636641 7.11095 -2.31977 0.01853 0.80645 0.12398 0.56957 -0.09932 
1403636642 7.21081 -2.35040 -0.02189 0.80564 0.12680 0.57147 -0.09102 
1403636642 7.29888 -2.38275 0.00184 0.80508 0.11914 0.57487 -0.08473 
1403636642 7.32834 -2.39312 0.01845 0.80517 0.11138 0.57710 -0.07910 
1403636642 7.35482 -2.40378 0.03059 0.80503 0.10555 0.57895 -0.07483 
1403636642 7.39732 -2.42607 0.03532 0.80554 0.09046 0.58176 -0.06697 
1403636643 7.41417 -2.43827 0.02861 0.80703 0.08441 0.58101 -0.06334 
1403636643 7.42768 -2.45033 0.01619 0.81179 0.08049 0.57524 -0.06009 
1403636643 7.44005 -2.46216 -0.00069 0.81701 0.07763 0.56845 -0.05766 
1403636643 7.46793 -2.48401 -0.02105 0.82311 0.07515 0.56000 -0.05704 
1403636643 7.50304 -2.50556 -0.01339 0.81862 0.07377 0.56651 -0.05904 
1403636644 7.61276 -2.56900 -0.01067 0.82549 0.07642 0.55587 -0.06111 
1403636644 7.71627 -2.61087 0.03961 0.83354 0.08177 0.54329 -0.05800 
1403636644 7.86523 -2.64574 0.05425 0.83230 0.08135 0.54521 -0.05836 
1403636644 7.92618 -2.65504 0.05090 0.82421 0.07266 0.55731 -0.06931 
1403636644 7.98907 -2.66586 0.04138 0.81690 0.06551 0.56772 -0.07788 
1403636645 8.05228 -2.68106 0.02423 0.81141 0.05979 0.57517 -0.08492 
1403636645 8.17299 -2.72990 -0.03273 0.80768 0.06282 0.58084 -0.07950 
1403636645 8.23041 -2.76269 -0.07006 0.80747 0.07299 0.58189 -0.06379 
1403636645 8.28413 -2.79687 -0.11212 0.80989 0.07708 0.57884 -0.05547 
1403636645 8.33458 -2.83011 -0.14929 0.81604 0.07691 0.57035 -0.05351 
1403636645 8.43393 -2.89503 -0.20375 0.83993 0.07495 0.53489 -0.05287 
1403636645 8.56642 -2.95283 -0.22301 0.83698 0.07507 0.53961 -0.05156 
1403636646 8.64546 -2.97863 -0.23337 0.83299 0.07499 0.54567 -0.05245 
1403636646 8.81658 -3.02660 -0.26592 0.82947 0.07545 0.55106 -0.05108 
1403636646 9.00548 -3.06797 -0.27366 0.82951 0.07329 0.55100 -0.05424 
1403636646 9.10567 -3.08689 -0.25963 0.82496 0.06688 0.55851 -0.05509 
1403636646 9.20407 -3.10817 -0.24036 0.82213 0.05235 0.56433 -0.05375 
1403636646 9.30528 -3.13256 -0.22251 0.81952 0.03160 0.57027 -0.04674 
1403636646 9.40557 -3.16087 -0.20974 0.81594 0.00614 0.57697 -0.03628 
1403636646 9.50178 -3.19373 -0.20367 0.81165 -0.01903 0.58346 -0.02119 
1403636647 9.59309 -3.23039 -0.19987 0.80548 -0.03476 0.59160 -0.00121 
1403636647 9.67792 -3.26922 -0.19439 0.80315 -0.04622 0.59383 0.01356 
1403636647 9.75694 -3.30866 -0.18196 0.80494 -0.05394 0.59038 0.02474 
1403636647 9.83186 -3.34733 -0.15918 0.80498 -0.05974 0.58949 0.03072 
1403636647 9.90163 -3.38530 -0.12935 0.80521 -0.06340 0.58864 0.03346 
1403636647 10.02863 -3.45982 -0.08153 0.81087 -0.06449 0.58055 0.03598 
1403636647 10.20492 -3.57285 -0.04741 0.81147 -0.06351 0.58013 0.03065 
1403636648 10.31157 -3.65295 -0.04258 0.80291 -0.06476 0.59219 0.02106 
1403636648 10.39980 -3.74385 -0.02654 0.80470 -0.06616 0.58931 0.02815 
1403636648 10.43747 -3.79422 -0.01983 0.80550 -0.07162 0.58725 0.03442 
1403636648 10.46938 -3.84613 -0.02219 0.80472 -0.08307 0.58618 0.04370 
1403636648 10.49616 -3.89904 -0.03339 0.80331 -0.10081 0.58424 0.05653 
1403636648 10.52003 -3.95224 -0.04980 0.80035 -0.12151 0.58273 0.07141 
1403636648 10.54003 -4.00589 -0.07063 0.79666 -0.14418 0.58060 0.08626 
1403636648 10.55566 -4.05916 -0.09506 0.79221 -0.16628 0.57813 0.10258 
1403636649 10.56767 -4.11174 -0.12227 0.78765 -0.18920 0.57436 0.11794 
1403636649 10.57664 -4.16428 -0.14484 0.78322 -0.20758 0.57135 0.13050 
1403636649 10.58234 -4.21482 -0.16142 0.78278 -0.21911 0.56517 0.14080 
1403636649 10.58757 -4.26433 -0.17278 0.78682 -0.22809 0.55483 0.14511 
1403636649 10.59335 -4.31395 -0.17528 0.79338 -0.23386 0.54257 0.14655 
1403636649 10.61322 -4.41582 -0.14882 0.79056 -0.23328 0.54540 0.15209 
1403636649 10.62716 -4.46801 -0.12405 0.78241 -0.22992 0.55750 0.15544 
1403636649 10.63926 -4.51816 -0.09457 0.77872 -0.22700 0.56343 0.15689 
1403636650 10.66345 -4.65502 0.02829 0.78143 -0.22081 0.56414 0.14949 
1403636650 10.66591 -4.69810 0.07481 0.77592 -0.22659 0.56906 0.15092 
1403636650 10.66510 -4.73992 0.11430 0.77249 -0.23248 0.56951 0.15771 
1403636650 10.66174 -4.78006 0.14648 0.76998 -0.23690 0.56932 0.16397 
1403636650 10.65737 -4.81857 0.16887 0.76886 -0.24010 0.56796 0.16919 
1403636650 10.64834 -4.85516 0.18138 0.76654 -0.24556 0.56762 0.17299 
1403636650 10.63313 -4.89024 0.18635 0.76305 -0.25672 0.56466 0.18165 
1403636650 10.61312 -4.92318 0.18429 0.75777 -0.27487 0.55938 0.19318 
1403636650 10.59031 -4.95535 0.17725 0.75228 -0.29614 0.55100 0.20681 
1403636651 10.56346 -4.98471 0.16671 0.74764 -0.31771 0.54017 0.21978 
1403636651 10.53491 -5.01126 0.15100 0.74391 -0.33543 0.53088 0.22858 
1403636651 10.50714 -5.03691 0.13386 0.74076 -0.34709 0.52460 0.23580 
1403636651 10.48037 -5.06118 0.12143 0.73703 -0.35502 0.52230 0.24075 
1403636651 10.45576 -5.08561 0.11947 0.73170 -0.35740 0.52524 0.24701 
1403636651 10.43106 -5.10819 0.12362 0.72725 -0.35723 0.52954 0.25118 
1403636652 10.18959 -5.19465 0.19999 0.72516 -0.35254 0.54103 0.23905 
1403636652 10.14848 -5.19842 0.19175 0.71733 -0.36454 0.54254 0.24125 
1403636652 10.10213 -5.20084 0.17977 0.70807 -0.38017 0.53957 0.25094 
1403636652 10.04873 -5.20415 0.16282 0.70067 -0.39882 0.52735 0.26814 
1403636652 9.98943 -5.20553 0.14291 0.69183 -0.42234 0.50970 0.28845 
1403636652 9.92528 -5.20175 0.11748 0.68188 -0.45025 0.48942 0.30460 
1403636652 9.86039 -5.19752 0.08818 0.67147 -0.47609 0.47117 0.31697 
1403636653 9.79833 -5.19688 0.06198 0.66228 -0.49523 0.45930 0.32429 
1403636653 9.73895 -5.19998 0.04332 0.65750 -0.50994 0.44778 0.32733 
1403636653 9.68038 -5.20969 0.03418 0.65675 -0.51756 0.43727 0.33106 
1403636653 9.62604 -5.22406 0.03545 0.65503 -0.52130 0.43406 0.33282 
1403636653 9.52539 -5.27033 0.05926 0.65184 -0.51836 0.43800 0.33845 
1403636653 9.43277 -5.33150 0.05548 0.64818 -0.50754 0.44962 0.34656 
1403636653 9.38974 -5.36407 0.05033 0.64572 -0.50022 0.45735 0.35165 
1403636654 9.22734 -5.47017 0.09090 0.64908 -0.48643 0.46873 0.34982 
1403636654 9.03298 -5.52264 0.08328 0.64136 -0.49322 0.47230 0.34974 
1403636654 8.99125 -5.52215 0.08181 0.63663 -0.50076 0.46540 0.35685 
1403636654 8.94817 -5.52127 0.08894 0.63049 -0.51245 0.45556 0.36379 
1403636655 8.90574 -5.51795 0.10356 0.62170 -0.52555 0.44543 0.37266 
1403636655 8.86357 -5.51248 0.12266 0.61224 -0.53975 0.43524 0.38001 
1403636655 8.78478 -5.49866 0.14695 0.59926 -0.56109 0.42135 0.38540 
1403636655 8.74754 -5.49224 0.14908 0.59509 -0.56576 0.41731 0.38940 
1403636655 8.71140 -5.48625 0.14597 0.58834 -0.56482 0.42025 0.39777 
1403636655 8.60837 -5.45174 0.11767 0.57302 -0.56518 0.42970 0.40936 
1403636655 8.57261 -5.42980 0.10678 -0.56574 0.57061 -0.42951 -0.41214 
1403636656 8.53607 -5.40329 0.10209 -0.55904 0.57698 -0.42528 -0.41679 
1403636656 8.45810 -5.32930 0.09358 -0.54922 0.60536 -0.40283 -0.41185 
1403636656 8.41683 -5.29205 0.07535 -0.54244 0.61704 -0.39354 -0.41248 
1403636656 8.37246 -5.25598 0.04520 -0.53097 0.62989 -0.38523 -0.41582 
1403636656 8.32545 -5.22175 0.01498 -0.51777 0.64070 -0.37859 -0.42200 
1403636656 8.27569 -5.18890 -0.00649 -0.50919 0.64756 -0.37110 -0.42858 
1403636656 8.22366 -5.15750 -0.01725 -0.50574 0.65189 -0.36249 -0.43344 
1403636656 8.17091 -5.12734 -0.01729 -0.50384 0.65525 -0.35715 -0.43501 
1403636656 8.11722 -5.10174 -0.00701 -0.50316 0.65721 -0.35450 -0.43502 
1403636657 8.00638 -5.06032 0.02852 -0.50451 0.65433 -0.35401 -0.43818 
1403636657 7.95034 -5.04347 0.04439 -0.50126 0.64766 -0.36167 -0.44550 
1403636657 7.89437 -5.02580 0.05398 -0.49869 0.64024 -0.36800 -0.45385 
1403636657 7.78544 -4.98170 0.04949 -0.49801 0.63289 -0.37437 -0.45965 
1403636657 7.63059 -4.88173 0.01667 -0.49686 0.63683 -0.38108 -0.44984 
1403636657 7.57794 -4.83935 0.01283 -0.49797 0.64245 -0.37869 -0.44259 
1403636658 7.52398 -4.79537 0.00581 -0.49997 0.64852 -0.37518 -0.43439 
1403636658 7.46709 -4.75051 -0.00518 -0.50135 0.65100 -0.37211 -0.43173 
1403636658 7.34400 -4.66295 -0.03801 -0.49728 0.65387 -0.37228 -0.43195 
1403636658 7.27711 -4.61920 -0.05964 -0.49298 0.66017 -0.37334 -0.42633 
1403636658 7.20528 -4.57606 -0.07585 -0.49173 0.66358 -0.37149 -0.42408 
1403636658 7.12757 -4.53341 -0.08220 -0.49497 0.66181 -0.36470 -0.42897 
1403636658 7.04614 -4.49230 -0.08240 -0.49825 0.65936 -0.35777 -0.43474 
1403636658 6.96398 -4.45270 -0.08507 -0.50126 0.65737 -0.35084 -0.43990 
1403636658 6.88208 -4.41611 -0.09229 -0.50294 0.65702 -0.34654 -0.44190 
1403636659 6.80067 -4.38318 -0.10220 -0.50575 0.65565 -0.34121 -0.44489 
1403636659 6.72061 -4.35496 -0.11382 -0.50938 0.65242 -0.33597 -0.44945 
1403636659 6.64459 -4.32907 -0.12788 -0.50999 0.65092 -0.33339 -0.45284 
1403636659 6.57176 -4.30823 -0.14429 -0.51094 0.64628 -0.33170 -0.45961 
1403636659 6.50369 -4.29077 -0.16301 -0.50828 0.64322 -0.33528 -0.46422 
1403636659 6.38322 -4.25778 -0.21226 -0.49818 0.64187 -0.35007 -0.46613 
1403636659 6.27706 -4.21970 -0.27143 -0.49664 0.64196 -0.35314 -0.46532 
1403636659 6.22895 -4.19892 -0.29458 -0.50006 0.64528 -0.34868 -0.46041 
1403636660 6.18363 -4.17891 -0.31104 -0.50339 0.64742 -0.34393 -0.45734 
1403636660 6.10228 -4.13871 -0.33956 -0.50078 0.64600 -0.34516 -0.46128 
1403636660 6.03474 -4.09853 -0.38903 -0.49844 0.64713 -0.34458 -0.46264 
1403636660 6.00595 -4.07758 -0.42184 -0.50075 0.65141 -0.33924 -0.45808 
1403636660 5.98026 -4.05755 -0.45816 -0.50301 0.65584 -0.33391 -0.45316 
1403636660 5.95723 -4.04000 -0.49673 -0.50418 0.65802 -0.33146 -0.45049 
1403636660 5.93646 -4.02649 -0.53485 -0.50662 0.66134 -0.32659 -0.44643 
1403636660 5.91776 -4.01814 -0.56777 -0.51113 0.66750 -0.31862 -0.43780 
1403636661 5.87138 -4.04156 -0.64281 -0.50671 0.65319 -0.32813 -0.45707 
1403636661 5.86201 -4.05989 -0.67576 -0.50634 0.64382 -0.32945 -0.46966 
1403636661 5.86096 -4.09721 -0.75791 -0.50458 0.63798 -0.33346 -0.47664 
1403636661 5.88444 -4.13339 -0.85289 -0.49704 0.64071 -0.34458 -0.47298 
1403636661 5.92482 -4.15856 -0.92938 -0.49534 0.64176 -0.34745 -0.47124 
1403636662 5.97705 -4.17409 -0.97459 -0.49522 0.64542 -0.34899 -0.46519 
1403636662 6.03735 -4.18020 -0.98991 -0.48912 0.64700 -0.35960 -0.46135 
1403636662 6.09590 -4.17337 -0.97616 -0.48652 0.64658 -0.36552 -0.46003 
1403636662 6.17587 -4.13501 -0.94014 -0.49668 0.64242 -0.35005 -0.46698 
1403636663 6.23570 -4.09870 -0.94462 -0.50350 0.64875 -0.33716 -0.46036 
1403636663 6.26995 -4.08155 -0.95405 -0.50122 0.65506 -0.33888 -0.45259 
1403636663 6.30486 -4.06705 -0.96641 -0.49180 0.66167 -0.35010 -0.44470 
1403636663 6.36331 -4.04145 -1.00365 -0.48588 0.66717 -0.35573 -0.43848 
1403636663 6.38571 -4.02892 -1.02729 -0.48643 0.67182 -0.35384 -0.43226 
1403636663 6.40242 -4.01827 -1.04618 -0.48365 0.67726 -0.35650 -0.42463 
1403636663 6.41204 -4.00603 -1.07229 -0.49674 0.67166 -0.33718 -0.43409 
1403636663 6.41112 -4.00506 -1.09281 -0.50638 0.66832 -0.32310 -0.43879 
1403636664 6.41013 -4.01051 -1.11925 -0.51273 0.66825 -0.31328 -0.43865 
1403636664 6.41200 -4.04851 -1.18145 -0.51896 0.66681 -0.30492 -0.43939 
1403636664 6.42597 -4.12697 -1.22711 -0.52603 0.65079 -0.29988 -0.45808 
1403636664 6.44421 -4.18106 -1.23706 -0.52666 0.64010 -0.30246 -0.47054 
1403636664 6.47295 -4.23977 -1.24122 -0.52389 0.63632 -0.31033 -0.47363 
1403636664 6.51093 -4.30327 -1.24012 -0.51789 0.63528 -0.32333 -0.47293 
1403636664 6.55595 -4.36737 -1.24265 -0.51292 0.63382 -0.33527 -0.47199 
1403636664 6.60583 -4.42983 -1.26151 -0.51124 0.63242 -0.34271 -0.47035 
1403636665 6.66049 -4.48956 -1.29174 -0.51089 0.63080 -0.34851 -0.46864 
1403636665 6.71899 -4.54723 -1.32325 -0.50859 0.63110 -0.35810 -0.46347 
1403636665 6.78049 -4.60093 -1.34919 -0.50800 0.63178 -0.36472 -0.45801 
1403636665 6.84264 -4.65086 -1.36736 -0.51452 0.62955 -0.36028 -0.45731 
1403636665 6.90668 -4.69894 -1.37753 -0.51678 0.62843 -0.36197 -0.45496 
1403636665 6.97256 -4.74595 -1.38297 -0.52030 0.63100 -0.36096 -0.44813 
1403636665 7.03976 -4.78938 -1.38032 -0.52458 0.63466 -0.35783 -0.44044 
1403636665 7.10728 -4.83353 -1.37068 -0.52489 0.63756 -0.35947 -0.43449 
1403636665 7.17386 -4.87894 -1.35737 -0.51804 0.63758 -0.37015 -0.43372 
1403636665 7.23785 -4.92523 -1.34431 -0.51737 0.63581 -0.37136 -0.43609 
1403636666 7.29902 -4.96957 -1.33211 -0.52281 0.63330 -0.36202 -0.44106 
1403636666 7.36112 -5.01189 -1.31818 -0.52763 0.63095 -0.35316 -0.44586 
1403636666 7.49088 -5.09994 -1.28600 -0.52427 0.62847 -0.35191 -0.45422 
1403636666 7.56048 -5.14441 -1.26795 -0.51339 0.63295 -0.36519 -0.44993 
1403636666 7.63064 -5.18649 -1.25281 -0.50561 0.63877 -0.37358 -0.44360 
1403636666 7.69797 -5.22582 -1.24332 -0.50418 0.63961 -0.37419 -0.44350 
1403636666 7.82593 -5.29568 -1.24106 -0.50474 0.63571 -0.37277 -0.44962 
1403636666 7.88830 -5.32525 -1.24654 -0.50226 0.63733 -0.37757 -0.44608 
1403636667 7.94790 -5.35072 -1.24903 -0.50300 0.63947 -0.37848 -0.44138 
1403636667 8.00412 -5.37140 -1.24333 -0.50879 0.63996 -0.37209 -0.43948 
1403636667 8.05824 -5.38976 -1.23132 -0.51663 0.63979 -0.36296 -0.43820 
1403636667 8.11215 -5.40831 -1.21646 -0.52190 0.64220 -0.35750 -0.43288 
1403636667 8.16567 -5.42914 -1.20612 -0.52112 0.65160 -0.35960 -0.41779 
1403636667 8.21602 -5.45265 -1.20164 -0.51711 0.65892 -0.36510 -0.40635 
1403636667 8.25968 -5.48042 -1.19997 -0.51584 0.65319 -0.36783 -0.41467 
1403636667 8.29835 -5.51145 -1.20150 -0.51670 0.63971 -0.36796 -0.43405 
1403636667 8.33580 -5.54200 -1.20783 -0.51937 0.62998 -0.36541 -0.44705 
1403636668 8.41587 -5.59522 -1.23378 -0.52396 0.63037 -0.36060 -0.44505 
1403636668 8.45867 -5.62057 -1.24697 -0.52439 0.63867 -0.35942 -0.43352 
1403636668 8.50090 -5.64655 -1.25144 -0.52267 0.64405 -0.36170 -0.42565 
1403636668 8.57827 -5.70294 -1.24329 -0.51852 0.64571 -0.36559 -0.42491 
1403636668 8.70777 -5.83163 -1.27939 -0.52194 0.64484 -0.34916 -0.43571 
1403636669 8.80840 -5.94997 -1.34885 -0.51714 0.64536 -0.34628 -0.44292 
1403636669 8.92722 -6.08482 -1.41565 -0.52147 0.63169 -0.33402 -0.46634 
1403636669 8.97964 -6.13194 -1.42545 -0.51584 0.63247 -0.34134 -0.46624 
1403636669 9.03710 -6.17597 -1.42800 -0.50899 0.63497 -0.34988 -0.46403 
1403636669 9.15962 -6.25582 -1.43680 -0.50474 0.63659 -0.35293 -0.46414 
1403636670 9.29220 -6.32562 -1.46533 -0.50165 0.63458 -0.35720 -0.46697 
1403636670 9.36221 -6.35601 -1.48316 -0.49894 0.62948 -0.36152 -0.47341 
1403636670 9.43525 -6.38069 -1.49809 -0.49566 0.62390 -0.36748 -0.47962 
1403636670 9.51102 -6.40001 -1.50787 -0.49036 0.62591 -0.37674 -0.47524 
1403636670 9.58844 -6.40975 -1.51043 -0.47985 0.63877 -0.39329 -0.45501 
1403636670 9.65986 -6.41075 -1.50593 -0.47565 0.64916 -0.39870 -0.43976 
1403636670 9.72319 -6.40193 -1.49618 -0.47497 0.65432 -0.40203 -0.42969 
1403636670 9.77625 -6.38580 -1.48113 -0.46994 0.65318 -0.41563 -0.42399 
1403636670 9.81736 -6.36123 -1.46884 -0.46423 0.65057 -0.43139 -0.41852 
1403636670 9.84450 -6.32737 -1.46289 -0.46622 0.64898 -0.44021 -0.40949 
1403636671 9.85522 -6.28385 -1.45723 -0.47293 0.64574 -0.44900 -0.39719 
1403636671 9.84739 -6.23135 -1.44490 -0.48478 0.63768 -0.45771 -0.38581 
1403636671 9.81936 -6.17170 -1.42470 -0.49960 0.62572 -0.46601 -0.37645 
1403636671 9.77282 -6.10706 -1.40117 -0.51319 0.61299 -0.47748 -0.36454 
1403636671 9.70956 -6.03669 -1.38099 -0.52430 0.59982 -0.49448 -0.34758 
1403636671 9.62659 -5.95911 -1.35818 -0.53584 0.58200 -0.51494 -0.33013 
1403636671 9.51784 -5.87458 -1.32563 -0.55651 0.55820 -0.52559 -0.32010 
1403636671 9.38441 -5.78495 -1.28608 0.58131 -0.53574 0.52753 0.31108 
1403636671 9.22884 -5.69117 -1.24301 0.60929 -0.51668 0.51675 0.30787 
1403636671 9.05878 -5.59674 -1.20028 0.64293 -0.49442 0.49353 0.31403 
1403636672 8.88499 -5.50285 -1.16213 0.67135 -0.47639 0.47509 0.31087 
1403636672 8.71197 -5.41240 -1.13128 0.69095 -0.46719 0.46271 0.30036 
1403636672 8.54279 -5.32802 -1.10516 0.70375 -0.46354 0.45346 0.29023 
1403636672 8.37869 -5.25287 -1.08445 0.71235 -0.46140 0.44546 0.28500 
1403636672 8.22326 -5.18795 -1.06420 0.71907 -0.46351 0.43567 0.27979 
1403636672 8.07706 -5.13614 -1.03637 0.72677 -0.46506 0.42176 0.27863 
1403636672 7.94452 -5.10005 -0.99861 0.73172 -0.45923 0.41217 0.28950 
1403636672 7.82738 -5.07606 -0.95272 0.73285 -0.45419 0.40785 0.30050 
1403636672 7.72704 -5.06414 -0.90721 0.73194 -0.45122 0.40641 0.30904 
1403636672 7.64254 -5.06360 -0.86741 0.73015 -0.44102 0.40852 0.32480 
1403636673 7.57444 -5.06854 -0.83920 0.71850 -0.43374 0.42679 0.33686 
1403636673 7.51956 -5.07493 -0.82846 0.70133 -0.43370 0.45368 0.33796 
1403636673 7.47239 -5.08090 -0.83644 0.69107 -0.43854 0.46889 0.33203 
1403636673 7.43066 -5.08432 -0.86301 0.69357 -0.44592 0.46743 0.31878 
1403636673 7.39467 -5.08672 -0.88674 0.69974 -0.44110 0.46793 0.31119 
1403636673 7.36539 -5.08836 -0.90386 0.70837 -0.42939 0.47035 0.30430 
1403636673 7.34227 -5.09019 -0.91437 0.71849 -0.41670 0.47114 0.29692 
1403636673 7.32544 -5.09443 -0.91733 0.73133 -0.41093 0.46404 0.28454 
1403636673 7.31545 -5.10103 -0.91419 0.74296 -0.40726 0.45501 0.27405 
1403636674 7.32440 -5.13100 -0.90136 0.74910 -0.39980 0.45539 0.26763 
1403636674 7.34256 -5.15494 -0.90129 0.74555 -0.39423 0.46392 0.27113 
1403636674 7.36904 -5.18307 -0.90423 0.73913 -0.38836 0.47588 0.27639 
1403636674 7.40141 -5.21039 -0.90716 0.73243 -0.38265 0.48759 0.28175 
1403636674 7.52736 -5.28024 -0.90790 0.73225 -0.38168 0.48879 0.28146 
1403636674 7.63577 -5.31900 -0.93099 0.72447 -0.38774 0.49967 0.27409 
1403636674 7.69439 -5.33445 -0.95425 0.72131 -0.39277 0.50701 0.26150 
1403636675 7.75307 -5.35005 -0.98249 0.72083 -0.38990 0.51570 0.24987 
1403636675 7.80833 -5.36568 -1.01605 0.72377 -0.38209 0.52056 0.24329 
1403636675 7.86066 -5.38274 -1.05247 0.72747 -0.37476 0.52284 0.23871 
1403636675 7.90893 -5.39968 -1.09357 0.73656 -0.37340 0.51545 0.22883 
1403636675 7.95405 -5.42091 -1.13046 0.74593 -0.37408 0.50539 0.21964 
1403636675 7.99889 -5.44882 -1.15931 0.75304 -0.37506 0.49667 0.21349 
1403636675 8.09410 -5.52836 -1.18096 0.76456 -0.36368 0.48151 0.22657 
1403636675 8.15277 -5.57720 -1.18425 0.76690 -0.35636 0.47808 0.23730 
1403636675 8.21729 -5.64073 -1.18570 0.76238 -0.34682 0.48753 0.24660 
1403636676 8.29194 -5.69831 -1.18373 0.75908 -0.33467 0.49938 0.24984 
1403636676 8.37174 -5.75326 -1.18785 0.75767 -0.32071 0.50890 0.25318 
1403636676 8.45068 -5.80981 -1.20543 0.75755 -0.30919 0.51779 0.24984 
1403636676 8.54384 -5.84668 -1.21533 0.75521 -0.30175 0.53258 0.23443 
1403636676 8.63220 -5.88405 -1.23719 0.75423 -0.30003 0.54648 0.20611 
1403636676 8.71672 -5.91844 -1.26501 0.76004 -0.29377 0.55103 0.18003 
1403636676 8.79643 -5.95314 -1.29541 0.76999 -0.27724 0.54961 0.16787 
1403636676 8.87919 -5.98676 -1.33434 0.78180 -0.24996 0.54598 0.16798 
1403636676 8.95513 -6.02128 -1.35773 0.79448 -0.21982 0.54054 0.16822 
1403636676 9.02920 -6.05399 -1.39031 0.80295 -0.18994 0.53990 0.16643 
1403636677 9.11154 -6.07837 -1.41296 0.80932 -0.17020 0.54138 0.15148 
1403636677 9.19912 -6.09618 -1.42718 0.81101 -0.15914 0.54785 0.12961 
1403636677 9.28886 -6.11711 -1.43720 0.81052 -0.15301 0.55411 0.11227 
1403636677 9.36861 -6.12485 -1.42168 0.80952 -0.15042 0.55897 0.09803 
1403636677 9.47027 -6.13887 -1.42609 0.80952 -0.14840 0.56141 0.08642 
1403636677 9.64777 -6.16468 -1.43667 0.80992 -0.13818 0.56255 0.09207 
1403636677 9.82460 -6.18297 -1.49716 0.80616 -0.12812 0.56837 0.10318 
1403636677 9.90955 -6.19621 -1.51110 0.80038 -0.11828 0.57886 0.10162 
1403636678 9.99487 -6.19972 -1.51701 0.79478 -0.10864 0.58968 0.09382 
1403636678 10.06359 -6.19541 -1.52496 0.79350 -0.09818 0.59531 0.07948 
1403636678 10.13745 -6.18476 -1.52877 0.79621 -0.08743 0.59562 0.06040 
1403636678 10.19925 -6.17380 -1.52292 0.80316 -0.07525 0.58977 0.03796 
1403636678 10.25581 -6.16147 -1.51934 0.81143 -0.06253 0.58099 0.01092 
1403636678 10.30493 -6.15451 -1.50615 0.81731 -0.04366 0.57448 -0.00868 
1403636678 10.35458 -6.15320 -1.49890 0.81845 -0.02153 0.57392 -0.01684 
1403636678 10.40248 -6.15701 -1.49704 0.81845 -0.00076 0.57434 -0.01644 
1403636678 10.44810 -6.16238 -1.49767 0.81784 0.01705 0.57487 -0.01926 
1403636678 10.49210 -6.16746 -1.49384 0.81765 0.03065 0.57407 -0.03072 
1403636679 10.57694 -6.17696 -1.46736 0.81627 0.06400 0.57166 -0.05309 
1403636679 10.61700 -6.18110 -1.45037 0.81332 0.09009 0.57178 -0.05880 
1403636679 10.65557 -6.18354 -1.43942 0.80963 0.12174 0.57101 -0.06022 
1403636679 10.69239 -6.18203 -1.43525 0.80582 0.15001 0.56966 -0.06040 
1403636679 10.72610 -6.17345 -1.43764 0.80215 0.16986 0.56831 -0.06874 
1403636679 10.75635 -6.15739 -1.44443 0.79709 0.18441 0.56846 -0.08658 
1403636679 10.78251 -6.13476 -1.45570 0.79103 0.19350 0.56899 -0.11436 
1403636679 10.80466 -6.10877 -1.46470 0.78470 0.20418 0.56767 -0.14248 
1403636679 10.82290 -6.08324 -1.46714 0.77860 0.22083 0.56418 -0.16346 
1403636680 10.83772 -6.06034 -1.46218 0.77340 0.23931 0.55888 -0.17954 
1403636680 10.85011 -6.04083 -1.45066 0.77006 0.25400 0.55339 -0.19038 
1403636680 10.85946 -6.02591 -1.43286 0.76913 0.26505 0.54744 -0.19619 
1403636680 10.86658 -6.01467 -1.40778 0.76447 0.27326 0.54920 -0.19825 
1403636680 10.87324 -6.00379 -1.37395 0.75703 0.27911 0.55697 -0.19693 
1403636680 10.87646 -5.99374 -1.33523 0.75341 0.28607 0.56117 -0.18876 
1403636680 10.87220 -5.98494 -1.29209 0.74927 0.29477 0.56659 -0.17515 
1403636680 10.83931 -5.96101 -1.22131 0.74664 0.29516 0.57180 -0.16869 
1403636681 10.77195 -5.92334 -1.17746 0.75179 0.30133 0.56732 -0.14886 
1403636681 10.67067 -5.86053 -1.15438 0.75838 0.29135 0.56217 -0.15469 
1403636681 10.60939 -5.82043 -1.14922 0.76490 0.27973 0.55519 -0.16867 
1403636681 10.54478 -5.77738 -1.14837 0.77330 0.26620 0.54470 -0.18559 
1403636681 10.47985 -5.73451 -1.15426 0.78370 0.26231 0.53026 -0.18929 
1403636681 10.41909 -5.69112 -1.16496 0.79124 0.26460 0.51947 -0.18461 
1403636681 10.31378 -5.59913 -1.18280 0.77743 0.27045 0.53920 -0.17811 
1403636681 10.26425 -5.54917 -1.18442 0.77078 0.26879 0.54852 -0.18104 
1403636682 10.21333 -5.49946 -1.18030 0.76810 0.26690 0.55161 -0.18577 
1403636682 10.16126 -5.45100 -1.17472 0.76697 0.26991 0.55211 -0.18463 
1403636682 10.10789 -5.40297 -1.17317 0.76567 0.27291 0.55278 -0.18362 
1403636682 10.05312 -5.35333 -1.17523 0.76448 0.27476 0.55347 -0.18370 
1403636682 9.99553 -5.30393 -1.17570 0.76315 0.27557 0.55414 -0.18599 
1403636682 9.93652 -5.25346 -1.16935 0.76319 0.27538 0.55311 -0.18915 
1403636682 9.87463 -5.20432 -1.15496 0.76332 0.27495 0.55205 -0.19234 
1403636682 9.81074 -5.15650 -1.13702 0.76541 0.27466 0.54873 -0.19393 
1403636682 9.74544 -5.11051 -1.12429 0.77134 0.27498 0.54036 -0.19348 
1403636682 9.68146 -5.06442 -1.11817 0.77685 0.27514 0.53275 -0.19230 
1403636683 9.56111 -4.97120 -1.11409 0.76876 0.27392 0.54604 -0.18924 
1403636683 9.43941 -4.87726 -1.11524 0.76408 0.26810 0.55483 -0.19100 
1403636683 9.31099 -4.78755 -1.09601 0.76217 0.27203 0.55889 -0.18097 
1403636683 9.17079 -4.69664 -1.08077 0.76394 0.27048 0.55608 -0.18443 
1403636683 9.09708 -4.65153 -1.08185 0.76481 0.27004 0.55404 -0.18756 
1403636683 9.02181 -4.60668 -1.08719 0.76527 0.27027 0.55243 -0.19008 
1403636684 8.94531 -4.56317 -1.09699 0.76534 0.27133 0.55114 -0.19204 
1403636684 8.86898 -4.52039 -1.10998 0.76610 0.27213 0.54942 -0.19280 
1403636684 8.79179 -4.47862 -1.12563 0.76879 0.27335 0.54489 -0.19322 
1403636684 8.71500 -4.43729 -1.13698 0.77202 0.27444 0.53966 -0.19347 
1403636684 8.63977 -4.39611 -1.14121 0.77326 0.27594 0.53686 -0.19418 
1403636684 8.56714 -4.35497 -1.13782 0.77191 0.27584 0.53795 -0.19665 
1403636684 8.49699 -4.31435 -1.12597 0.76922 0.27702 0.54063 -0.19818 
1403636684 8.42557 -4.27583 -1.10742 0.76735 0.27804 0.54203 -0.20019 
1403636684 8.35868 -4.22986 -1.08009 0.76473 0.27893 0.54449 -0.20225 
1403636684 8.28447 -4.20326 -1.06605 0.76249 0.27961 0.54666 -0.20393 
1403636685 8.21507 -4.17252 -1.05992 0.76221 0.27794 0.54627 -0.20826 
1403636685 7.99895 -4.08808 -1.05720 0.76002 0.27606 0.54811 -0.21384 
1403636685 7.86279 -4.05269 -1.08170 0.75900 0.28401 0.55015 -0.20147 
1403636685 7.71378 -4.02108 -1.09527 0.76346 0.28551 0.54597 -0.19373 
1403636685 7.56063 -3.98818 -1.08642 0.76629 0.28543 0.54514 -0.18480 
1403636686 7.40837 -3.94618 -1.07341 0.76898 0.27862 0.54355 -0.18868 
1403636686 7.25470 -3.90263 -1.08739 0.76635 0.28031 0.54777 -0.18458 
1403636686 7.09087 -3.84988 -1.12796 0.76817 0.27800 0.54501 -0.18866 
1403636686 7.01179 -3.83264 -1.12899 0.77144 0.27589 0.54003 -0.19266 
1403636686 6.86011 -3.77905 -1.14247 0.77393 0.27363 0.53687 -0.19478 
1403636687 6.71893 -3.72955 -1.11193 0.77699 0.27328 0.53241 -0.19531 
1403636687 6.58215 -3.67893 -1.12226 0.77641 0.27538 0.53275 -0.19375 
1403636687 6.45823 -3.62553 -1.12973 0.77296 0.27405 0.53690 -0.19791 
1403636687 6.34432 -3.57490 -1.11230 0.77155 0.27313 0.53823 -0.20104 
1403636687 6.23554 -3.52916 -1.08932 0.76933 0.27409 0.54067 -0.20168 
1403636688 6.12606 -3.49088 -1.08834 0.76621 0.27533 0.54455 -0.20147 
1403636688 6.03135 -3.45650 -1.12341 0.76485 0.27371 0.54519 -0.20700 
1403636688 5.93118 -3.43017 -1.17917 0.76502 0.27578 0.54423 -0.20617 
1403636688 5.83294 -3.40873 -1.24782 0.76324 0.28247 0.54672 -0.19693 
1403636688 5.73002 -3.38797 -1.29817 0.76421 0.28110 0.54511 -0.19958 
1403636688 5.67828 -3.37849 -1.31809 0.76558 0.27998 0.54284 -0.20206 
1403636689 5.57341 -3.35914 -1.36805 0.76406 0.28840 0.54483 -0.19025 
1403636689 5.52037 -3.34757 -1.39895 0.76296 0.29177 0.54562 -0.18726 
1403636689 5.46593 -3.33348 -1.43114 0.76302 0.29308 0.54429 -0.18880 
1403636689 5.41008 -3.31527 -1.45742 0.76317 0.29687 0.54058 -0.19293 
1403636689 5.35308 -3.29417 -1.47621 0.76387 0.29988 0.53533 -0.19998 
1403636689 5.29680 -3.27013 -1.48640 0.76445 0.30216 0.53017 -0.20793 
1403636689 5.24169 -3.24497 -1.48948 0.76506 0.30571 0.52515 -0.21317 
1403636689 5.14008 -3.19131 -1.47209 0.76384 0.31180 0.52087 -0.21913 
1403636690 5.09475 -3.16291 -1.45096 0.76343 0.31326 0.51976 -0.22111 
1403636690 5.05168 -3.13504 -1.42408 0.76564 0.31411 0.51543 -0.22241 
1403636690 5.01303 -3.10588 -1.39765 0.77046 0.31174 0.50810 -0.22593 
1403636690 4.98102 -3.07496 -1.37665 0.77614 0.30685 0.50010 -0.23098 
1403636690 4.95755 -3.04233 -1.35922 0.77719 0.29946 0.49916 -0.23905 
1403636690 4.93592 -2.98019 -1.33612 0.77609 0.29789 0.50319 -0.23609 
1403636690 4.94443 -2.92172 -1.31319 0.77425 0.30557 0.50810 -0.22138 
1403636691 4.97583 -2.85687 -1.27445 0.77286 0.30243 0.51097 -0.22393 
1403636691 4.99865 -2.82330 -1.25998 0.77402 0.29574 0.50945 -0.23214 
1403636691 5.02680 -2.79143 -1.25163 0.77377 0.28610 0.50930 -0.24503 
1403636691 5.05998 -2.76361 -1.25741 0.77276 0.27424 0.50944 -0.26097 
1403636691 5.09974 -2.74365 -1.27408 0.76708 0.26656 0.51636 -0.27187 
1403636691 5.14721 -2.73360 -1.28965 0.75707 0.25937 0.52893 -0.28250 
1403636691 5.20060 -2.73819 -1.29808 0.74805 0.25771 0.54028 -0.28654 
1403636691 5.25613 -2.75953 -1.29744 0.73876 0.26432 0.55370 -0.27890 
1403636691 5.30948 -2.79684 -1.29039 0.73203 0.27808 0.56430 -0.26148 
1403636691 5.35807 -2.84519 -1.27905 0.73475 0.28958 0.56045 -0.24937 
1403636692 5.40294 -2.90069 -1.26003 0.74406 0.29671 0.54656 -0.24416 
1403636692 5.44563 -2.95975 -1.23108 0.74882 0.30179 0.53857 -0.24112 
1403636692 5.48815 -3.02218 -1.19714 0.75007 0.31127 0.53628 -0.23001 
1403636692 5.52837 -3.08535 -1.16736 0.74967 0.31627 0.53617 -0.22469 
1403636692 5.56558 -3.14902 -1.14469 0.75056 0.31475 0.53431 -0.22828 
1403636692 5.60094 -3.21254 -1.12593 0.74659 0.31026 0.53957 -0.23497 
1403636692 5.63417 -3.27791 -1.10876 0.74686 0.30997 0.53926 -0.23517 
1403636692 5.66607 -3.34375 -1.08607 0.74656 0.31459 0.54033 -0.22745 
1403636692 5.69388 -3.41002 -1.05663 0.74814 0.31476 0.53866 -0.22596 
1403636692 5.71803 -3.47728 -1.01943 0.75020 0.31326 0.53628 -0.22688 
1403636693 5.74169 -3.54302 -0.97510 0.74992 0.31668 0.53746 -0.22016 
1403636693 5.76309 -3.60617 -0.92482 0.75050 0.31568 0.53716 -0.22036 
1403636693 5.78201 -3.66812 -0.87070 0.75215 0.31601 0.53591 -0.21728 
1403636693 5.81278 -3.78422 -0.77539 0.75399 0.33269 0.53375 -0.18955 
1403636693 5.82909 -3.87006 -0.69707 0.75585 0.32676 0.53118 -0.19940 
1403636693 5.83707 -3.93380 -0.64302 0.76230 0.32232 0.52087 -0.20908 
1403636694 5.85119 -3.97774 -0.61332 0.77369 0.32047 0.50293 -0.21395 
1403636694 5.85992 -3.99685 -0.60040 0.77940 0.32243 0.49349 -0.21222 
1403636694 5.90172 -4.01014 -0.58319 0.77370 0.32211 0.50135 -0.21514 
1403636694 5.92539 -4.00850 -0.57219 0.76538 0.31891 0.51353 -0.22085 
1403636694 5.96348 -4.00674 -0.57265 0.75638 0.31630 0.52615 -0.22585 
1403636694 5.99129 -4.00261 -0.57351 0.75103 0.31510 0.53323 -0.22874 
1403636695 6.09664 -3.99461 -0.53906 0.75457 0.31794 0.52764 -0.22613 
1403636695 6.16944 -3.98839 -0.54079 0.75372 0.31477 0.53072 -0.22621 
1403636695 6.21717 -3.98534 -0.57071 0.75865 0.30325 0.52474 -0.23903 
1403636695 6.26858 -3.99194 -0.59118 0.75844 0.30685 0.52769 -0.22838 
1403636695 6.32912 -4.00610 -0.56508 0.75686 0.30824 0.53229 -0.22095 
1403636696 6.37651 -4.01375 -0.55571 0.75465 0.31018 0.53697 -0.21439 
1403636696 6.45659 -4.02239 -0.57788 0.75990 0.30635 0.53174 -0.21436 
1403636696 6.48526 -4.02815 -0.60004 0.76491 0.31128 0.52576 -0.20392 
1403636696 6.51934 -4.02620 -0.63261 0.75307 0.30500 0.54317 -0.21171 
1403636697 6.52533 -4.01873 -0.66876 0.75262 0.30892 0.54493 -0.20295 
1403636697 6.50767 -4.01750 -0.68109 0.74766 0.32082 0.55166 -0.18373 
1403636697 6.45672 -3.99692 -0.66005 0.75499 0.31294 0.54264 -0.19389 
1403636698 6.42488 -3.97745 -0.64096 0.76012 0.30811 0.53579 -0.20051 
1403636698 6.36746 -3.93582 -0.59442 0.76731 0.29141 0.53878 -0.18981 
1403636698 6.32408 -3.92006 -0.56411 0.77387 0.27511 0.54236 -0.17689 
1403636698 6.29287 -3.89955 -0.55770 0.77932 0.25854 0.54589 -0.16681 
1403636698 6.25709 -3.87853 -0.55877 0.78388 0.24450 0.54787 -0.15995 
1403636698 6.18532 -3.81839 -0.54801 0.78841 0.22675 0.55133 -0.15176 
1403636698 6.11105 -3.75993 -0.56884 0.79472 0.20415 0.55557 -0.13447 
1403636699 6.07522 -3.73096 -0.58457 0.79947 0.18861 0.55710 -0.12211 
1403636699 6.03922 -3.70016 -0.60287 0.80391 0.16967 0.55948 -0.10923 
1403636699 6.00304 -3.66843 -0.62391 0.80874 0.14757 0.56110 -0.09661 
1403636699 5.96860 -3.63434 -0.65007 0.81331 0.12367 0.56262 -0.08180 
1403636699 5.93529 -3.59962 -0.67792 0.81677 0.09793 0.56459 -0.06735 
1403636699 5.90268 -3.56384 -0.69970 0.81955 0.07248 0.56586 -0.05371 
1403636699 5.86868 -3.53183 -0.71271 0.82083 0.04668 0.56779 -0.04084 
1403636699 5.81644 -3.45666 -0.72042 0.82344 -0.01230 0.56695 -0.01885 
1403636699 5.79018 -3.43103 -0.71668 0.82390 -0.04023 0.56526 -0.00657 
1403636700 5.76901 -3.40675 -0.71089 0.82355 -0.06461 0.56352 0.00663 
1403636700 5.74928 -3.38851 -0.70862 0.82188 -0.08878 0.56239 0.01846 
1403636700 5.73207 -3.37631 -0.71143 0.81880 -0.11158 0.56223 0.03193 
1403636700 5.71549 -3.37091 -0.71830 0.81574 -0.12452 0.56255 0.05095 
1403636700 5.67438 -3.36343 -0.76316 0.80756 -0.14349 0.56774 0.07019 
1403636700 5.62036 -3.39438 -0.83418 0.80767 -0.15712 0.56367 0.07249 
1403636701 5.60269 -3.41260 -0.86973 0.80403 -0.16348 0.56596 0.08058 
1403636701 5.58523 -3.43432 -0.90786 0.79945 -0.16860 0.56923 0.09182 
1403636701 5.54722 -3.48183 -0.98424 0.79369 -0.18319 0.56876 0.11406 
1403636701 5.52624 -3.50954 -1.01527 0.79553 -0.18870 0.56345 0.11851 
1403636701 5.50103 -3.53047 -1.02637 0.79888 -0.19206 0.55730 0.11969 
1403636702 5.43124 -3.69637 -1.01355 0.80194 -0.17687 0.55877 0.11574 
1403636702 5.42235 -3.75306 -1.00352 0.79908 -0.17903 0.56184 0.11730 
1403636702 5.41606 -3.78445 -1.00655 0.79751 -0.18996 0.55922 0.12315 
1403636702 5.40917 -3.81548 -1.01437 0.79403 -0.20488 0.55696 0.13165 
1403636702 5.40152 -3.84658 -1.02873 0.78850 -0.22365 0.55497 0.14233 
1403636702 5.39343 -3.87815 -1.04801 0.78255 -0.24243 0.55214 0.15486 
1403636702 5.38528 -3.90953 -1.07270 0.78040 -0.25628 0.54608 0.16459 
1403636703 5.37446 -3.97315 -1.13453 0.78049 -0.26955 0.53416 0.18127 
1403636703 5.37266 -4.00479 -1.17211 0.78123 -0.27270 0.53006 0.18531 
1403636703 5.37915 -4.06800 -1.25978 0.78419 -0.27430 0.52366 0.18865 
1403636703 5.44349 -4.20129 -1.40569 0.77303 -0.27966 0.54171 0.17541 
1403636703 5.46344 -4.23754 -1.42449 0.76705 -0.28484 0.54994 0.16752 
1403636704 5.49261 -4.31712 -1.44152 0.76996 -0.27522 0.54676 0.18017 
1403636704 5.51431 -4.39770 -1.43543 0.77613 -0.27028 0.53878 0.18516 
1403636704 5.53802 -4.47500 -1.43818 0.77174 -0.27138 0.54655 0.17904 
1403636704 5.57603 -4.62699 -1.49400 0.78016 -0.26795 0.53781 0.17409 
1403636705 5.59952 -4.70913 -1.51005 0.78620 -0.26467 0.52983 0.17639 
1403636705 5.63613 -4.79456 -1.50881 0.79264 -0.26393 0.52054 0.17635 
1403636705 5.69170 -4.88556 -1.53142 0.80004 -0.26418 0.51053 0.17178 
1403636705 5.77528 -4.98746 -1.57108 0.80145 -0.26030 0.50972 0.17350 
1403636705 5.82957 -5.04228 -1.59004 0.79257 -0.25544 0.52395 0.17904 
1403636705 5.88836 -5.09712 -1.60266 0.78662 -0.25201 0.53323 0.18269 
1403636706 6.01480 -5.20085 -1.61812 0.78891 -0.25400 0.52965 0.18047 
1403636706 6.15341 -5.30134 -1.64748 0.79098 -0.25577 0.52608 0.17939 
1403636706 6.22882 -5.35225 -1.66712 0.78699 -0.25704 0.53182 0.17816 
1403636706 6.30635 -5.40320 -1.68322 0.78108 -0.25937 0.54051 0.17461 
1403636706 6.38515 -5.45416 -1.69096 0.77533 -0.26444 0.54899 0.16597 
1403636706 6.46014 -5.50608 -1.69253 0.77044 -0.26988 0.55598 0.15645 
1403636706 6.59852 -5.61681 -1.70660 0.77517 -0.25520 0.55146 0.17282 
1403636707 6.72728 -5.72467 -1.74550 0.78343 -0.24613 0.54076 0.18232 
1403636707 6.86068 -5.82384 -1.76563 0.78729 -0.24636 0.53470 0.18322 
1403636707 7.00642 -5.91793 -1.76177 0.79057 -0.25163 0.52802 0.18131 
1403636707 7.08355 -5.96445 -1.75491 0.78838 -0.25312 0.52991 0.18325 
1403636707 7.16294 -6.00947 -1.74613 0.78495 -0.25386 0.53361 0.18621 
1403636707 7.32813 -6.09682 -1.72440 0.78435 -0.25812 0.53076 0.19096 
1403636708 7.50397 -6.17876 -1.67516 0.78485 -0.26175 0.52806 0.19144 
1403636708 7.68970 -6.26152 -1.62314 0.78405 -0.27158 0.52878 0.17862 
1403636708 7.88194 -6.33720 -1.60220 0.78117 -0.27361 0.53400 0.17250 
1403636708 7.97788 -6.38040 -1.61056 0.78044 -0.26996 0.53642 0.17404 
1403636708 8.07443 -6.42502 -1.62556 0.78002 -0.26456 0.53871 0.17710 
1403636708 8.26754 -6.51552 -1.66954 0.77525 -0.26465 0.54774 0.17007 
1403636708 8.35999 -6.56039 -1.69262 0.77045 -0.27178 0.55445 0.15851 
1403636709 8.53455 -6.66927 -1.72756 0.76687 -0.27126 0.55942 0.15928 
1403636709 8.61282 -6.72595 -1.73295 0.76879 -0.26310 0.55654 0.17324 
1403636709 8.69158 -6.77513 -1.74147 0.76973 -0.25495 0.55440 0.18750 
1403636709 8.82306 -6.88449 -1.77635 0.76607 -0.25432 0.55574 0.19901 
1403636709 8.95798 -6.95956 -1.79396 0.76507 -0.25819 0.55313 0.20507 
1403636709 9.08146 -7.00989 -1.78554 0.77169 -0.26129 0.54222 0.20544 
1403636710 9.27146 -7.05279 -1.81157 0.77575 -0.26104 0.53703 0.20414 
1403636710 9.40946 -7.05195 -1.83365 0.77607 -0.25881 0.53843 0.20205 
1403636710 9.55019 -7.05043 -1.83583 0.77574 -0.25559 0.54116 0.20012 
1403636710 9.69808 -7.02747 -1.85400 0.77434 -0.25487 0.54658 0.19156 
1403636710 9.76911 -7.01739 -1.88020 0.77294 -0.25872 0.55194 0.17604 
1403636711 9.84707 -6.99083 -1.89759 0.77391 -0.25702 0.55615 0.16032 
1403636711 9.91829 -6.97579 -1.92563 0.77567 -0.25041 0.55985 0.14894 
1403636711 9.98682 -6.96199 -1.95701 0.77871 -0.23825 0.56301 0.14097 
1403636711 10.05608 -6.94557 -1.98582 0.78301 -0.21957 0.56560 0.13704 
1403636711 10.11067 -6.93340 -1.99911 0.78941 -0.19728 0.56550 0.13458 
1403636711 10.16963 -6.93466 -2.02515 0.79510 -0.17626 0.56452 0.13437 
1403636711 10.22455 -6.91344 -2.03720 0.79777 -0.16246 0.56532 0.13260 
1403636711 10.27739 -6.89526 -2.04753 0.79840 -0.15367 0.56716 0.13142 
1403636711 10.32673 -6.87394 -2.05117 0.79789 -0.15061 0.56958 0.12753 
1403636711 10.38062 -6.84405 -2.04864 0.79383 -0.15169 0.57594 0.12293 
1403636712 10.46309 -6.79220 -2.05003 0.78023 -0.15100 0.59339 0.12774 
1403636712 10.55265 -6.65637 -2.01906 0.78505 -0.16208 0.58494 0.12357 
1403636712 10.56973 -6.60150 -2.01023 0.78755 -0.17160 0.58091 0.11344 
1403636712 10.59033 -6.49944 -1.97947 0.78795 -0.17398 0.58096 0.10660 
1403636712 10.59036 -6.45537 -1.94526 0.79014 -0.15798 0.58181 0.11058 
1403636712 10.59478 -6.40138 -1.91552 0.79220 -0.14084 0.58333 0.11094 
1403636713 10.58864 -6.35196 -1.87812 0.79292 -0.12688 0.58610 0.10799 
1403636713 10.58166 -6.29115 -1.84802 0.79203 -0.11775 0.59041 0.10121 
1403636713 10.57150 -6.23260 -1.80881 0.78889 -0.11253 0.59703 0.09246 
1403636713 10.54982 -6.17692 -1.77229 0.78909 -0.10888 0.59838 0.08618 
1403636713 10.53021 -6.11483 -1.75203 0.79233 -0.10688 0.59494 0.08268 
1403636713 10.46277 -5.99289 -1.71270 0.79544 -0.10520 0.59145 0.07993 
1403636713 10.42152 -5.92513 -1.69140 0.79720 -0.10592 0.58937 0.07684 
1403636713 10.33560 -5.79233 -1.61850 0.80091 -0.10828 0.58421 0.07431 
1403636714 10.24531 -5.66206 -1.53086 0.80238 -0.11642 0.58149 0.06708 
1403636714 10.14598 -5.53858 -1.46786 0.80409 -0.12597 0.57795 0.05958 
1403636714 10.03174 -5.43987 -1.42141 0.80538 -0.12601 0.57537 0.06662 
1403636714 9.91598 -5.35130 -1.39790 0.80427 -0.12527 0.57590 0.07620 
1403636714 9.80049 -5.26756 -1.39301 0.80528 -0.13170 0.57336 0.07373 
1403636715 9.74001 -5.23216 -1.39864 0.81091 -0.12967 0.56620 0.07083 
1403636715 9.67993 -5.19524 -1.40062 0.81627 -0.12292 0.56088 0.06330 
1403636715 9.61673 -5.17227 -1.40715 0.82049 -0.10876 0.55850 0.05522 
1403636715 9.56256 -5.14253 -1.39972 0.82364 -0.08757 0.55838 0.04649 
1403636715 9.51585 -5.11573 -1.38967 0.82571 -0.06243 0.55941 0.03706 
1403636715 9.47050 -5.09233 -1.37041 0.82782 -0.04001 0.55899 0.02520 
1403636715 9.42960 -5.06921 -1.34456 0.82953 -0.02161 0.55777 0.01716 
1403636715 9.39394 -5.04637 -1.31535 0.83015 -0.00991 0.55735 0.01034 
1403636715 9.36415 -5.02476 -1.29075 0.82848 -0.00425 0.55999 0.00339 
1403636715 9.33853 -5.00316 -1.27239 0.82541 -0.00318 0.56451 -0.00319 
1403636716 9.31583 -4.98309 -1.26236 0.82140 -0.00754 0.57017 -0.01259 
1403636716 9.27409 -4.95409 -1.26146 0.81346 -0.01205 0.58124 -0.01703 
1403636716 9.25211 -4.94687 -1.26402 0.80751 -0.00832 0.58974 -0.00758 
1403636716 9.19817 -4.93655 -1.25268 0.79990 -0.00697 0.60010 0.00173 
1403636716 9.12170 -4.92670 -1.22495 0.80783 -0.01483 0.58923 0.00056 
1403636716 9.03018 -4.92104 -1.19921 0.81425 -0.02114 0.58012 0.00322 
1403636717 8.89185 -4.91645 -1.20814 0.81414 -0.01194 0.58054 0.00315 
1403636717 8.84297 -4.91455 -1.22181 0.81384 -0.00175 0.58106 -0.00513 
1403636717 8.79445 -4.91064 -1.23381 0.81410 0.01237 0.58036 -0.01652 
1403636717 8.74421 -4.90665 -1.23964 0.81408 0.03181 0.57914 -0.02924 
1403636717 8.69430 -4.90272 -1.23836 0.81353 0.05174 0.57770 -0.04183 
1403636717 8.59503 -4.89697 -1.22367 0.81165 0.08301 0.57605 -0.05002 
1403636718 8.49290 -4.88742 -1.20922 0.80897 0.10303 0.57709 -0.04387 
1403636718 8.38696 -4.86106 -1.21773 0.80862 0.09924 0.57749 -0.05280 
1403636718 8.27719 -4.81866 -1.23899 0.80800 0.11390 0.57560 -0.05334 
1403636718 8.21986 -4.78824 -1.23994 0.80617 0.12630 0.57496 -0.05964 
1403636718 8.16042 -4.75222 -1.23438 0.80437 0.13871 0.57295 -0.07400 
1403636718 8.10034 -4.71221 -1.22741 0.80298 0.14966 0.56964 -0.09126 
1403636718 8.03858 -4.67195 -1.22898 0.80215 0.15831 0.56608 -0.10508 
1403636718 7.97672 -4.62862 -1.23688 0.80086 0.16827 0.56260 -0.11740 
1403636719 7.91613 -4.58373 -1.25162 0.79855 0.17842 0.55969 -0.13129 
1403636719 7.85714 -4.53909 -1.27007 0.79719 0.18546 0.55603 -0.14464 
1403636719 7.79939 -4.50560 -1.29697 0.79712 0.18916 0.55103 -0.15870 
1403636719 7.74970 -4.45641 -1.31546 0.79526 0.19673 0.55012 -0.16198 
1403636719 7.60885 -4.35827 -1.37517 0.78608 0.21738 0.55862 -0.15088 
1403636719 7.51591 -4.29569 -1.37263 0.77949 0.21311 0.56802 -0.15600 
1403636720 7.42404 -4.23902 -1.39759 0.77788 0.20764 0.57146 -0.15881 
1403636720 7.36203 -4.21511 -1.41235 0.78173 0.20565 0.56687 -0.15894 
1403636720 7.30713 -4.19342 -1.42391 0.78640 0.20400 0.56187 -0.15573 
1403636720 7.19759 -4.15592 -1.41487 0.79120 0.19872 0.55788 -0.15262 
1403636720 7.09126 -4.12574 -1.41993 0.79365 0.19647 0.55594 -0.14984 
1403636720 6.99099 -4.09937 -1.43924 0.79448 0.19547 0.55479 -0.15097 
1403636721 6.90167 -4.08034 -1.47011 0.79463 0.19683 0.55336 -0.15364 
1403636721 6.81860 -4.06408 -1.48607 0.79374 0.19859 0.55353 -0.15535 
1403636721 6.74695 -4.05910 -1.46824 0.79735 0.18694 0.55514 -0.14529 
1403636721 6.70894 -4.05671 -1.47682 0.79857 0.17538 0.55858 -0.13968 
1403636721 6.68224 -4.06100 -1.48496 0.79968 0.16232 0.56246 -0.13344 
1403636721 6.65179 -4.06453 -1.49714 0.80050 0.14790 0.56739 -0.12410 
1403636721 6.62421 -4.07008 -1.50203 0.80106 0.13567 0.57117 -0.11692 
1403636721 6.59424 -4.07869 -1.50094 0.80193 0.12717 0.57341 -0.10926 
1403636722 6.56274 -4.09143 -1.49500 0.80381 0.12022 0.57359 -0.10208 
1403636722 6.53914 -4.09927 -1.49495 0.80614 0.11264 0.57332 -0.09355 
1403636722 6.50255 -4.11309 -1.49260 0.80723 0.10738 0.57386 -0.08680 
1403636722 6.43740 -4.13697 -1.51085 0.80757 0.10303 0.57503 -0.08094 
1403636722 6.33749 -4.16538 -1.52644 0.80725 0.10991 0.57482 -0.07646 
1403636723 6.19427 -4.18890 -1.52738 0.80883 0.10159 0.57449 -0.07375 
1403636723 6.12035 -4.19716 -1.54476 0.80984 0.09955 0.57421 -0.06732 
1403636723 5.96775 -4.19793 -1.52101 0.81003 0.09430 0.57418 -0.07264 
1403636724 5.85461 -4.19464 -1.52091 0.80725 0.08626 0.58125 -0.05518 
1403636724 5.81726 -4.19019 -1.51733 0.80091 0.07362 0.59182 -0.05353 
1403636724 5.73311 -4.18016 -1.50001 0.80914 0.05877 0.58284 -0.04624 
1403636724 5.64197 -4.16902 -1.49283 0.81897 0.04860 0.57026 -0.04153 
1403636724 5.60108 -4.16079 -1.49797 0.82359 0.04017 0.56467 -0.03494 
1403636724 5.55456 -4.16294 -1.50483 0.82490 0.02811 0.56397 -0.02622 
1403636724 5.51502 -4.16178 -1.51564 0.82451 0.01381 0.56550 -0.01446 
1403636724 5.47764 -4.16015 -1.52510 0.82172 -0.00158 0.56988 -0.00240 
1403636725 5.44071 -4.15776 -1.53023 0.81881 -0.01338 0.57386 0.00739 
1403636725 5.40569 -4.15396 -1.52412 0.81688 -0.02167 0.57623 0.01408 
1403636725 5.34120 -4.13878 -1.49238 0.81702 -0.03025 0.57548 0.01975 
1403636725 5.25306 -4.10694 -1.39371 0.81873 -0.03567 0.57301 0.00771 
1403636726 5.15329 -4.07958 -1.24335 0.81989 -0.02962 0.57164 0.01150 
1403636726 5.01160 -4.05366 -1.22664 0.81730 -0.02430 0.57561 0.01066 
1403636727 4.96990 -4.04033 -1.20460 0.81384 -0.03147 0.58020 -0.00690 
1403636727 4.92340 -4.05281 -1.13044 0.81143 -0.02040 0.58409 -0.00050 
1403636727 4.84024 -4.08688 -1.01091 0.81284 -0.00150 0.58237 0.01176 
1403636728 4.70706 -4.08374 -0.88164 0.81254 -0.00297 0.58283 0.00891 
1403636728 4.58592 -4.00893 -0.75219 0.81123 -0.00374 0.58463 0.01026 
1403636729 4.47654 -3.95798 -0.71586 0.81155 -0.01631 0.58402 -0.00667 
1403636729 4.40326 -3.91206 -0.71213 0.81197 -0.00588 0.58358 -0.01039 
1403636729 4.36417 -3.89429 -0.70175 0.81223 0.01115 0.58312 -0.01093 
1403636729 4.32330 -3.87567 -0.68619 0.81108 0.02639 0.58414 -0.01506 
1403636729 4.28094 -3.85713 -0.67170 0.80936 0.03667 0.58580 -0.02066 
1403636729 4.14655 -3.79383 -0.66198 0.80918 0.05102 0.58449 -0.03161 
1403636730 3.99299 -3.72467 -0.65821 0.80932 0.05295 0.58394 -0.03484 
1403636730 3.82827 -3.65177 -0.62034 0.81471 0.05018 0.57658 -0.03577 
1403636730 3.71964 -3.60201 -0.61555 0.81753 0.05067 0.57254 -0.03578 
1403636730 3.56490 -3.52461 -0.63624 0.81880 0.05092 0.57058 -0.03764 
1403636731 3.51767 -3.49901 -0.64326 0.82296 0.05188 0.56453 -0.03679 
1403636731 3.47551 -3.47302 -0.64256 0.82698 0.05151 0.55860 -0.03779 
1403636731 3.37798 -3.39879 -0.59029 0.83022 0.04864 0.55367 -0.04260 
1403636731 3.34556 -3.34250 -0.55431 0.82243 0.03419 0.56461 -0.06039 
1403636731 3.31970 -3.31093 -0.53971 0.81403 0.03769 0.57723 -0.05237 
1403636732 3.22541 -3.29301 -0.62060 0.81361 0.04484 0.57801 -0.04401 
1403636733 3.14085 -3.32436 -0.72027 0.80565 0.06189 0.58863 -0.02469 
1403636733 3.08394 -3.32379 -0.71331 0.79906 0.06669 0.59718 -0.02057 
1403636733 3.00845 -3.30640 -0.69163 0.79963 0.06004 0.59658 -0.03279 
1403636733 2.91498 -3.27989 -0.68362 0.80665 0.06043 0.58691 -0.03478 
1403636733 2.75640 -3.22827 -0.63492 0.81103 0.06190 0.58053 -0.03722 
1403636734 2.64856 -3.18571 -0.58503 0.81514 0.06087 0.57469 -0.03978 
1403636734 2.48926 -3.11642 -0.54759 0.81772 0.06179 0.57092 -0.03968 
1403636734 2.22559 -2.96574 -0.49649 0.81357 0.05922 0.57674 -0.04439 
1403636735 2.12735 -2.92673 -0.47503 0.81797 0.06027 0.57019 -0.04658 
1403636735 1.85192 -2.76994 -0.47453 0.82018 0.06276 0.56644 -0.05021 
1403636736 1.74073 -2.67183 -0.39939 0.81928 0.05338 0.56897 -0.04687 
1403636736 1.64394 -2.58195 -0.30148 0.81622 0.05768 0.57286 -0.04774 
1403636736 1.62608 -2.55020 -0.27781 0.81310 0.06748 0.57557 -0.05518 
1403636736 1.59174 -2.51544 -0.23080 0.81043 0.08616 0.57580 -0.06505 
1403636737 1.49355 -2.40739 -0.19584 0.80564 0.11136 0.57874 -0.06004 
1403636737 1.43978 -2.33979 -0.21243 0.80566 0.10734 0.57778 -0.07455 
1403636737 1.38034 -2.28158 -0.24371 0.80735 0.10920 0.57413 -0.08149 
1403636738 1.32323 -2.22001 -0.25372 0.81172 0.11311 0.56693 -0.08310 
1403636738 1.27092 -2.16323 -0.23818 0.81518 0.10820 0.56146 -0.09245 
1403636738 1.19925 -2.07888 -0.12518 0.81579 0.10323 0.56147 -0.09264 
1403636738 1.17207 -2.04682 -0.04080 0.81533 0.10103 0.56352 -0.08651 
1403636739 1.17196 -2.03295 -0.01655 0.82008 0.08646 0.56036 -0.07738 
1403636739 1.18082 -2.03150 -0.02020 0.82013 0.05090 0.56677 -0.05967 
1403636739 1.19410 -2.04222 -0.05056 0.81778 0.00129 0.57411 -0.04033 
1403636739 1.21044 -2.10640 -0.11975 0.81549 -0.06239 0.57495 0.02288 
1403636740 1.24046 -2.18676 -0.18210 0.80751 -0.13060 0.56932 0.08216 
1403636740 1.25883 -2.29781 -0.25131 0.80653 -0.13364 0.56780 0.09618 
1403636741 1.25931 -2.35944 -0.37137 0.80385 -0.13050 0.57427 0.08366 
1403636741 1.26070 -2.38933 -0.42495 0.80773 -0.12926 0.56983 0.07842 
1403636741 1.25266 -2.43497 -0.51617 0.80399 -0.11534 0.57473 0.09994 
1403636741 1.22002 -2.46005 -0.65830 0.80307 -0.14662 0.57000 0.09317 
1403636742 1.18043 -2.51446 -0.84356 0.81037 -0.13889 0.55897 0.10751 
1403636742 1.18265 -2.52250 -0.87866 0.81528 -0.13640 0.55295 0.10470 
1403636742 1.19591 -2.53495 -0.92667 0.81726 -0.13829 0.55199 0.09096 
1403636743 1.21741 -2.54833 -0.94768 0.81023 -0.13561 0.56352 0.08707 
1403636743 1.25965 -2.57061 -0.97930 0.80382 -0.13071 0.57403 0.08530 
1403636743 1.28576 -2.59745 -1.07284 0.81079 -0.14163 0.56155 0.08496 
1403636743 1.29234 -2.60614 -1.10859 0.82082 -0.14899 0.54480 0.08519 
1403636743 1.30389 -2.61773 -1.13758 0.82687 -0.15384 0.53397 0.08659 
1403636744 1.38390 -2.67652 -1.18647 0.81765 -0.15616 0.54642 0.09217 
1403636744 1.46072 -2.72749 -1.24039 0.80780 -0.15526 0.55933 0.10245 
1403636744 1.58383 -2.80141 -1.36710 0.79741 -0.16851 0.56762 0.11642 
1403636744 1.62256 -2.82335 -1.42156 0.79436 -0.17597 0.56896 0.11968 
1403636745 1.78043 -2.92533 -1.76333 0.78376 -0.19568 0.57970 0.10665 
1403636745 1.81315 -2.97401 -1.91013 0.78913 -0.18597 0.57301 0.11979 
1403636745 1.82255 -2.99625 -1.97127 0.79395 -0.18441 0.56701 0.11889 
1403636745 1.85970 -3.06553 -2.10926 0.80297 -0.17477 0.55897 0.11070 
1403636746 1.89038 -3.11337 -2.16219 0.79490 -0.16650 0.57243 0.11288 
1403636746 1.91634 -3.15451 -2.18461 0.79156 -0.17162 0.57439 0.11855 
1403636746 1.93771 -3.18543 -2.17897 0.79097 -0.17823 0.57015 0.13241 
1403636746 1.96323 -3.19824 -2.12043 0.78932 -0.18356 0.56536 0.15379 
1403636746 1.97117 -3.19027 -2.08935 0.78128 -0.18409 0.57532 0.15726 
1403636746 1.97746 -3.17533 -2.06467 0.77567 -0.18497 0.58246 0.15764 
1403636747 1.98320 -3.12806 -2.04672 0.79165 -0.19339 0.56228 0.14046 
1403636747 1.99205 -3.07499 -2.05329 0.80811 -0.20439 0.54090 0.11228 
1403636747 2.01484 -3.04042 -2.05799 0.80561 -0.20331 0.54646 0.10504 
1403636747 2.04986 -3.02509 -2.02864 0.79887 -0.18857 0.55735 0.12494 
1403636747 2.09628 -3.01082 -1.97067 0.79581 -0.18526 0.56059 0.13453 
1403636748 2.22335 -2.94175 -1.83141 0.79383 -0.20259 0.55797 0.13213 
1403636748 2.25032 -2.92305 -1.78976 0.78881 -0.21418 0.56332 0.12071 
1403636748 2.34649 -2.89243 -1.68430 0.79255 -0.20637 0.55681 0.13870 
1403636749 2.41598 -2.88064 -1.60770 0.78860 -0.21047 0.56199 0.13411 
1403636749 2.45800 -2.87419 -1.55860 0.78492 -0.22109 0.56504 0.12554 
1403636749 2.50445 -2.88759 -1.51179 0.78000 -0.23304 0.56755 0.12322 
1403636749 2.51851 -2.91336 -1.46593 0.78216 -0.22255 0.56392 0.14384 
1403636750 2.52454 -2.93944 -1.40358 0.78493 -0.21131 0.56029 0.15910 
1403636750 2.53588 -2.96108 -1.34297 0.77659 -0.20725 0.57459 0.15430 
1403636750 2.50532 -2.93167 -1.28214 0.78572 -0.19933 0.56888 0.13890 
1403636751 2.43587 -2.85979 -1.03322 0.79376 -0.18563 0.56332 0.13474 
1403636751 2.37624 -2.77117 -0.81580 0.80286 -0.19054 0.54908 0.13275 
1403636752 2.36078 -2.72750 -0.72415 0.79573 -0.20199 0.55820 0.12012 
1403636752 2.35488 -2.70829 -0.68110 0.79305 -0.20149 0.56369 0.11284 
1403636752 2.32991 -2.67876 -0.53468 0.81063 -0.18362 0.54518 0.10929 
1403636752 2.33326 -2.68755 -0.46903 0.80507 -0.17401 0.55575 0.11279 
1403636752 2.33864 -2.69398 -0.43677 0.80085 -0.16516 0.56536 0.10828 
1403636753 2.34987 -2.69163 -0.35370 0.80146 -0.13647 0.57532 0.08971 
1403636753 2.35414 -2.69839 -0.28087 0.81003 -0.09991 0.57411 0.06531 
1403636753 2.35596 -2.71264 -0.25509 0.81320 -0.07970 0.57403 0.05335 
1403636753 2.35804 -2.72684 -0.23087 0.81713 -0.03299 0.57453 0.03346 
1403636753 2.36541 -2.71159 -0.22475 0.81867 0.01476 0.57401 0.00855 
1403636753 2.36800 -2.70152 -0.23204 0.81783 0.04065 0.57401 -0.00159 
1403636754 2.36019 -2.67926 -0.24182 0.81408 0.06616 0.57617 -0.03034 
1403636754 2.35204 -2.61838 -0.22630 0.81105 0.07180 0.57873 -0.04605 
1403636754 2.31850 -2.52694 -0.22202 0.80391 0.06418 0.59000 -0.03896 
1403636755 2.26040 -2.44195 -0.16815 0.80379 0.06779 0.58991 -0.03649 
1403636755 2.23400 -2.41017 -0.15733 0.80510 0.07735 0.58673 -0.03973 
1403636755 2.13607 -2.29204 -0.15455 0.80142 0.11336 0.58338 -0.06744 
1403636755 2.00533 -2.16624 -0.16466 0.79991 0.13021 0.57999 -0.08244 
1403636755 1.90425 -2.07781 -0.15417 0.81065 0.13344 0.56412 -0.08251 
1403636756 1.77476 -1.93578 -0.11176 0.81135 0.13123 0.56410 -0.07918 
1403636756 1.69249 -1.83616 -0.11765 0.80667 0.12700 0.57135 -0.08196 
1403636756 1.60963 -1.72478 -0.11350 0.80445 0.12576 0.57456 -0.08322 
1403636756 1.53170 -1.60764 -0.09071 0.80267 0.12592 0.57682 -0.08457 
1403636757 1.44085 -1.50449 -0.07896 0.80138 0.12776 0.57804 -0.08571 
1403636757 1.11854 -1.18586 -0.04586 0.79890 0.12981 0.57995 -0.09256 
1403636758 0.85909 -0.98927 -0.04986 0.80300 0.13832 0.57310 -0.08725 
1403636758 0.79195 -0.94171 -0.04627 0.80772 0.14549 0.56433 -0.08919 
1403636758 0.61790 -0.77221 0.00335 0.81848 0.16165 0.54191 -0.10149 
1403636758 0.53146 -0.64737 0.06327 0.80423 0.16229 0.56045 -0.11302 
1403636758 0.44749 -0.52568 0.09977 0.79587 0.16037 0.57142 -0.11980 
1403636759 0.36217 -0.40800 0.09992 0.81288 0.15460 0.54689 -0.12740 
1403636759 0.29740 -0.30419 0.09041 0.82209 0.14685 0.53305 -0.13586 
1403636759 0.27087 -0.20749 0.07197 0.80379 0.15124 0.56113 -0.12724 
1403636759 0.24859 -0.12603 0.04467 0.79813 0.14758 0.56887 -0.13264 
1403636759 0.22235 -0.06749 0.00900 0.79947 0.12881 0.56434 -0.16053 
1403636760 0.19736 -0.03669 -0.07123 0.79466 0.15551 0.57305 -0.12629 
1403636760 0.16146 -0.03415 -0.10412 0.79698 0.16095 0.56939 -0.12133 
1403636760 0.13160 -0.03773 -0.12130 0.80813 0.16141 0.55371 -0.11948 
1403636760 0.11212 -0.03733 -0.14271 0.79991 0.15796 0.56566 -0.12340 
1403636761 0.09378 -0.04082 -0.17146 0.79498 0.16110 0.57265 -0.11886 
1403636761 0.06837 -0.04514 -0.20402 0.80467 0.16724 0.55861 -0.11176 
1403636761 0.04577 -0.04152 -0.22975 0.79833 0.17123 0.56702 -0.10876 
1403636761 0.03297 -0.03521 -0.24166 0.80065 0.17094 0.56358 -0.11007 
1403636761 -0.00202 -0.00676 -0.27852 0.81871 0.17166 0.53654 -0.11128 
1403636762 0.00092 0.02678 -0.28990 0.80474 0.16907 0.55726 -0.11522 
1403636762 0.00367 0.06335 -0.28250 0.79761 0.15927 0.56789 -0.12631 
1403636762 0.00982 0.07981 -0.28009 0.79833 0.15226 0.56671 -0.13534 
1403636762 0.00113 0.09328 -0.26450 0.79799 0.15799 0.56794 -0.12532 
1403636762 -0.00388 0.11680 -0.24173 0.80730 0.17571 0.55510 -0.09620 
1403636763 -0.00612 0.15388 -0.25594 0.81479 0.15803 0.54455 -0.12088 
1403636763 0.00612 0.19083 -0.30027 0.80411 0.13779 0.55869 -0.14931 
1403636763 0.01321 0.19158 -0.33351 0.77533 0.14180 0.59870 -0.14254 
1403636763 -0.00868 0.15593 -0.35090 0.79718 0.11293 0.58057 -0.12119 
1403636763 -0.01293 0.15037 -0.35163 0.79540 0.10155 0.58531 -0.12013 
1403636763 -0.01851 0.14829 -0.36279 0.79937 0.10039 0.57970 -0.12199 
